,y_true,y_predicted
1981-01-05,4.0,1.0
1981-01-08,2.0,1.0
1981-01-12,2.0,1.0
1981-01-15,2.0,1.0
1981-01-19,2.0,0.0
1981-01-22,2.0,0.0
1981-01-26,2.0,1.0
1981-01-29,2.0,1.0
1981-02-02,2.0,1.0
1981-02-05,1.0,1.0
1981-02-09,1.0,1.0
1981-02-12,1.0,1.0
1981-02-16,3.0,1.0
1981-02-19,3.0,1.0
1981-02-23,0.0,1.0
1981-02-26,0.0,0.0
1981-03-02,2.0,2.0
1981-03-05,3.0,0.0
1981-03-09,3.0,0.0
1981-03-12,3.0,0.0
1981-03-16,3.0,0.0
1981-03-19,3.0,0.0
1981-03-23,3.0,0.0
1981-03-26,4.0,0.0
1981-03-30,2.0,3.0
1981-04-02,0.0,3.0
1981-04-06,0.0,3.0
1981-04-09,0.0,0.0
1981-04-13,0.0,0.0
1981-04-16,4.0,0.0
1981-04-20,4.0,4.0
1981-04-23,0.0,4.0
1981-04-27,0.0,4.0
1981-04-30,0.0,4.0
1981-05-04,4.0,4.0
1981-05-07,4.0,4.0
1981-05-11,4.0,2.0
1981-05-14,4.0,4.0
1981-05-18,4.0,4.0
1981-05-21,4.0,4.0
1981-05-25,4.0,4.0
1981-05-28,3.0,4.0
1981-06-01,4.0,4.0
1981-06-04,1.0,4.0
1981-06-08,1.0,4.0
1981-06-11,4.0,4.0
1981-06-15,2.0,4.0
1981-06-18,2.0,4.0
1981-06-22,1.0,4.0
1981-06-25,4.0,4.0
1981-06-29,0.0,4.0
1981-07-02,0.0,4.0
1981-07-06,4.0,4.0
1981-07-09,4.0,4.0
1981-07-13,4.0,4.0
1981-07-16,4.0,4.0
1981-07-20,2.0,4.0
1981-07-23,2.0,4.0
1981-07-27,2.0,4.0
1981-07-30,4.0,4.0
1981-08-03,3.0,4.0
1981-08-06,2.0,4.0
1981-08-10,2.0,4.0
1981-08-13,4.0,4.0
1981-08-17,4.0,4.0
1981-08-20,4.0,4.0
1981-08-24,1.0,4.0
1981-08-27,1.0,4.0
1981-08-31,1.0,4.0
1981-09-03,1.0,4.0
1981-09-07,0.0,4.0
1981-09-10,0.0,4.0
1981-09-14,4.0,4.0
1981-09-17,0.0,4.0
1981-09-21,0.0,4.0
1981-09-24,0.0,4.0
1981-09-28,2.0,4.0
1981-10-01,2.0,4.0
1981-10-05,1.0,3.0
1981-10-08,1.0,3.0
1981-10-12,4.0,3.0
1981-10-15,4.0,3.0
1981-10-19,2.0,3.0
1981-10-22,2.0,3.0
1981-10-26,0.0,0.0
1981-10-29,0.0,1.0
1981-11-02,1.0,3.0
1981-11-05,3.0,1.0
1981-11-09,3.0,1.0
1981-11-12,4.0,3.0
1981-11-16,4.0,3.0
1981-11-19,2.0,4.0
1981-11-23,1.0,4.0
1981-11-26,1.0,4.0
1981-11-30,2.0,4.0
1981-12-03,2.0,4.0
1981-12-07,4.0,0.0
1981-12-10,1.0,1.0
1981-12-14,4.0,4.0
1981-12-17,4.0,1.0
1981-12-21,3.0,1.0
1981-12-24,4.0,4.0
1981-12-28,4.0,1.0
1981-12-31,4.0,1.0
1982-01-04,3.0,1.0
1982-01-07,3.0,1.0
1982-01-11,3.0,1.0
1982-01-14,1.0,1.0
1982-01-18,1.0,1.0
1982-01-21,1.0,1.0
1982-01-25,1.0,1.0
1982-01-28,1.0,1.0
1982-02-01,1.0,1.0
1982-02-04,1.0,1.0
1982-02-08,1.0,0.0
1982-02-11,1.0,0.0
1982-02-15,4.0,0.0
1982-02-18,4.0,1.0
1982-02-22,4.0,0.0
1982-02-25,4.0,0.0
1982-03-01,1.0,0.0
1982-03-04,1.0,0.0
1982-03-08,0.0,0.0
1982-03-11,0.0,0.0
1982-03-15,4.0,0.0
1982-03-18,1.0,0.0
1982-03-22,4.0,0.0
1982-03-25,2.0,0.0
1982-03-29,0.0,0.0
1982-04-01,0.0,0.0
1982-04-05,1.0,1.0
1982-04-08,1.0,1.0
1982-04-12,1.0,1.0
1982-04-15,1.0,1.0
1982-04-19,2.0,4.0
1982-04-22,2.0,4.0
1982-04-26,2.0,4.0
1982-04-29,2.0,4.0
1982-05-03,2.0,4.0
1982-05-06,4.0,4.0
1982-05-10,4.0,1.0
1982-05-13,4.0,4.0
1982-05-17,0.0,4.0
1982-05-20,0.0,3.0
1982-05-24,0.0,4.0
1982-05-27,1.0,4.0
1982-05-31,4.0,4.0
1982-06-03,4.0,4.0
1982-06-07,1.0,4.0
1982-06-10,1.0,4.0
1982-06-14,3.0,4.0
1982-06-17,2.0,4.0
1982-06-21,4.0,4.0
1982-06-24,4.0,4.0
1982-06-28,4.0,4.0
1982-07-01,4.0,4.0
1982-07-05,4.0,4.0
1982-07-08,4.0,4.0
1982-07-12,4.0,4.0
1982-07-15,0.0,4.0
1982-07-19,4.0,4.0
1982-07-22,1.0,4.0
1982-07-26,4.0,4.0
1982-07-29,4.0,4.0
1982-08-02,4.0,4.0
1982-08-05,1.0,2.0
1982-08-09,4.0,2.0
1982-08-12,4.0,2.0
1982-08-16,4.0,2.0
1982-08-19,2.0,2.0
1982-08-23,2.0,2.0
1982-08-26,3.0,2.0
1982-08-30,3.0,2.0
1982-09-02,4.0,2.0
1982-09-06,1.0,2.0
1982-09-09,1.0,4.0
1982-09-13,4.0,4.0
1982-09-16,4.0,2.0
1982-09-20,1.0,2.0
1982-09-23,1.0,2.0
1982-09-27,3.0,2.0
1982-09-30,3.0,2.0
1982-10-04,0.0,2.0
1982-10-07,0.0,2.0
1982-10-11,0.0,4.0
1982-10-14,4.0,2.0
1982-10-18,4.0,2.0
1982-10-21,0.0,2.0
1982-10-25,0.0,2.0
1982-10-28,0.0,2.0
1982-11-01,0.0,0.0
1982-11-04,0.0,0.0
1982-11-08,4.0,0.0
1982-11-11,0.0,0.0
1982-11-15,4.0,0.0
1982-11-18,4.0,0.0
1982-11-22,0.0,0.0
1982-11-25,0.0,2.0
1982-11-29,0.0,2.0
1982-12-02,0.0,2.0
1982-12-06,0.0,2.0
1982-12-09,0.0,2.0
1982-12-13,0.0,2.0
1982-12-16,0.0,2.0
1982-12-20,0.0,2.0
1982-12-23,0.0,2.0
1982-12-27,0.0,2.0
1982-12-30,0.0,2.0
1983-01-03,0.0,3.0
1983-01-06,0.0,2.0
1983-01-10,0.0,2.0
1983-01-13,0.0,2.0
1983-01-17,4.0,2.0
1983-01-20,0.0,2.0
1983-01-24,0.0,2.0
1983-01-27,0.0,2.0
1983-01-31,0.0,2.0
1983-02-03,0.0,2.0
1983-02-07,0.0,2.0
1983-02-10,0.0,2.0
1983-02-14,1.0,2.0
1983-02-17,1.0,2.0
1983-02-21,1.0,2.0
1983-02-24,1.0,2.0
1983-02-28,4.0,4.0
1983-03-03,4.0,4.0
1983-03-07,1.0,4.0
1983-03-10,1.0,4.0
1983-03-14,4.0,2.0
1983-03-17,4.0,2.0
1983-03-21,4.0,4.0
1983-03-24,4.0,2.0
1983-03-28,1.0,2.0
1983-03-31,1.0,2.0
1983-04-04,4.0,2.0
1983-04-07,2.0,1.0
1983-04-11,4.0,1.0
1983-04-14,4.0,1.0
1983-04-18,3.0,2.0
1983-04-21,0.0,4.0
1983-04-25,0.0,4.0
1983-04-28,0.0,4.0
1983-05-02,0.0,4.0
1983-05-05,0.0,4.0
1983-05-09,0.0,4.0
1983-05-12,0.0,4.0
1983-05-16,0.0,4.0
1983-05-19,0.0,4.0
1983-05-23,4.0,4.0
1983-05-26,4.0,4.0
1983-05-30,0.0,4.0
1983-06-02,0.0,4.0
1983-06-06,0.0,4.0
1983-06-09,0.0,4.0
1983-06-13,4.0,4.0
1983-06-16,1.0,4.0
1983-06-20,1.0,4.0
1983-06-23,4.0,4.0
1983-06-27,3.0,4.0
1983-06-30,4.0,4.0
1983-07-04,3.0,4.0
1983-07-07,4.0,4.0
1983-07-11,1.0,4.0
1983-07-14,3.0,4.0
1983-07-18,3.0,4.0
1983-07-21,4.0,4.0
1983-07-25,4.0,4.0
1983-07-28,3.0,4.0
1983-08-01,4.0,4.0
1983-08-04,4.0,4.0
1983-08-08,4.0,4.0
1983-08-11,4.0,4.0
1983-08-15,3.0,4.0
1983-08-18,3.0,4.0
1983-08-22,1.0,4.0
1983-08-25,4.0,4.0
1983-08-29,0.0,4.0
1983-09-01,0.0,4.0
1983-09-05,0.0,4.0
1983-09-08,0.0,4.0
1983-09-12,0.0,4.0
1983-09-15,0.0,4.0
1983-09-19,0.0,1.0
1983-09-22,0.0,0.0
1983-09-26,0.0,0.0
1983-09-29,0.0,0.0
1983-10-03,2.0,0.0
1983-10-06,2.0,0.0
1983-10-10,2.0,2.0
1983-10-13,4.0,0.0
1983-10-17,0.0,4.0
1983-10-20,0.0,0.0
1983-10-24,1.0,4.0
1983-10-27,1.0,0.0
1983-10-31,4.0,0.0
1983-11-03,4.0,0.0
1983-11-07,3.0,0.0
1983-11-10,0.0,0.0
1983-11-14,0.0,0.0
1983-11-17,0.0,0.0
1983-11-21,0.0,0.0
1983-11-24,3.0,0.0
1983-11-28,3.0,0.0
1983-12-01,1.0,0.0
1983-12-05,1.0,0.0
1983-12-08,1.0,0.0
1983-12-12,1.0,4.0
1983-12-15,4.0,4.0
1983-12-19,0.0,4.0
1983-12-22,0.0,4.0
1983-12-26,0.0,4.0
1983-12-29,0.0,1.0
1984-01-02,0.0,1.0
1984-01-05,4.0,1.0
1984-01-09,2.0,1.0
1984-01-12,2.0,1.0
1984-01-16,2.0,1.0
1984-01-19,4.0,1.0
1984-01-23,0.0,1.0
1984-01-26,0.0,1.0
1984-01-30,4.0,1.0
1984-02-02,2.0,1.0
1984-02-06,2.0,1.0
1984-02-09,2.0,4.0
1984-02-13,4.0,1.0
1984-02-16,0.0,1.0
1984-02-20,0.0,4.0
1984-02-23,0.0,4.0
1984-02-27,0.0,4.0
1984-03-01,4.0,4.0
1984-03-05,4.0,4.0
1984-03-08,4.0,4.0
1984-03-12,4.0,4.0
1984-03-15,4.0,1.0
1984-03-19,3.0,1.0
1984-03-22,3.0,1.0
1984-03-26,0.0,1.0
1984-03-29,0.0,4.0
1984-04-02,0.0,4.0
1984-04-05,4.0,4.0
1984-04-09,3.0,4.0
1984-04-12,4.0,4.0
1984-04-16,0.0,4.0
1984-04-19,0.0,4.0
1984-04-23,0.0,4.0
1984-04-26,0.0,4.0
1984-04-30,0.0,4.0
1984-05-03,2.0,4.0
1984-05-07,2.0,4.0
1984-05-10,4.0,4.0
1984-05-14,3.0,4.0
1984-05-17,3.0,4.0
1984-05-21,4.0,4.0
1984-05-24,3.0,4.0
1984-05-28,3.0,4.0
1984-05-31,3.0,4.0
1984-06-04,4.0,4.0
1984-06-07,0.0,4.0
1984-06-11,0.0,4.0
1984-06-14,4.0,4.0
1984-06-18,3.0,4.0
1984-06-21,3.0,4.0
1984-06-25,4.0,4.0
1984-06-28,4.0,4.0
1984-07-02,1.0,4.0
1984-07-05,1.0,4.0
1984-07-09,4.0,4.0
1984-07-12,2.0,4.0
1984-07-16,0.0,1.0
1984-07-19,0.0,4.0
1984-07-23,0.0,4.0
1984-07-26,0.0,4.0
1984-07-30,0.0,4.0
1984-08-02,3.0,4.0
1984-08-06,4.0,4.0
1984-08-09,4.0,4.0
1984-08-13,0.0,4.0
1984-08-16,0.0,4.0
1984-08-20,4.0,4.0
1984-08-23,4.0,4.0
1984-08-27,4.0,4.0
1984-08-30,4.0,4.0
1984-09-03,3.0,4.0
1984-09-06,3.0,4.0
1984-09-10,3.0,4.0
1984-09-13,4.0,4.0
1984-09-17,4.0,1.0
1984-09-20,0.0,4.0
1984-09-24,2.0,4.0
1984-09-27,2.0,1.0
1984-10-01,2.0,1.0
1984-10-04,0.0,1.0
1984-10-08,0.0,1.0
1984-10-11,4.0,1.0
1984-10-15,1.0,1.0
1984-10-18,1.0,1.0
1984-10-22,1.0,1.0
1984-10-25,1.0,1.0
1984-10-29,1.0,1.0
1984-11-01,3.0,0.0
1984-11-05,3.0,0.0
1984-11-08,4.0,0.0
1984-11-12,1.0,0.0
1984-11-15,2.0,0.0
1984-11-19,2.0,4.0
1984-11-22,2.0,4.0
1984-11-26,2.0,4.0
1984-11-29,2.0,4.0
1984-12-03,2.0,4.0
1984-12-06,2.0,4.0
1984-12-10,4.0,4.0
1984-12-13,4.0,4.0
1984-12-17,4.0,4.0
1984-12-20,4.0,4.0
1984-12-24,4.0,0.0
1984-12-27,4.0,0.0
1984-12-31,1.0,0.0
1985-01-03,1.0,3.0
1985-01-07,1.0,3.0
1985-01-10,1.0,3.0
1985-01-14,1.0,3.0
1985-01-17,1.0,3.0
1985-01-21,1.0,3.0
1985-01-24,0.0,3.0
1985-01-28,0.0,4.0
1985-01-31,4.0,4.0
1985-02-04,2.0,4.0
1985-02-07,2.0,4.0
1985-02-11,1.0,4.0
1985-02-14,4.0,4.0
1985-02-18,4.0,4.0
1985-02-21,1.0,4.0
1985-02-25,1.0,3.0
1985-02-28,4.0,3.0
1985-03-04,4.0,3.0
1985-03-07,0.0,3.0
1985-03-11,4.0,3.0
1985-03-14,1.0,1.0
1985-03-18,1.0,0.0
1985-03-21,4.0,4.0
1985-03-25,2.0,4.0
1985-03-28,2.0,4.0
1985-04-01,3.0,1.0
1985-04-04,3.0,4.0
1985-04-08,4.0,1.0
1985-04-11,0.0,4.0
1985-04-15,0.0,4.0
1985-04-18,4.0,4.0
1985-04-22,2.0,4.0
1985-04-25,2.0,4.0
1985-04-29,1.0,4.0
1985-05-02,1.0,4.0
1985-05-06,4.0,4.0
1985-05-09,4.0,4.0
1985-05-13,4.0,4.0
1985-05-16,4.0,4.0
1985-05-20,4.0,4.0
1985-05-23,4.0,4.0
1985-05-27,4.0,4.0
1985-05-30,4.0,4.0
1985-06-03,3.0,4.0
1985-06-06,3.0,4.0
1985-06-10,4.0,4.0
1985-06-13,0.0,4.0
1985-06-17,1.0,4.0
1985-06-20,1.0,4.0
1985-06-24,4.0,4.0
1985-06-27,2.0,4.0
1985-07-01,2.0,4.0
1985-07-04,4.0,4.0
1985-07-08,1.0,4.0
1985-07-11,1.0,4.0
1985-07-15,4.0,4.0
1985-07-18,4.0,4.0
1985-07-22,4.0,4.0
1985-07-25,3.0,4.0
1985-07-29,4.0,4.0
1985-08-01,4.0,4.0
1985-08-05,4.0,4.0
1985-08-08,4.0,4.0
1985-08-12,2.0,4.0
1985-08-15,1.0,4.0
1985-08-19,1.0,4.0
1985-08-22,1.0,4.0
1985-08-26,3.0,4.0
1985-08-29,3.0,4.0
1985-09-02,4.0,4.0
1985-09-05,4.0,4.0
1985-09-09,2.0,4.0
1985-09-12,2.0,4.0
1985-09-16,1.0,4.0
1985-09-19,1.0,4.0
1985-09-23,3.0,1.0
1985-09-26,3.0,1.0
1985-09-30,4.0,1.0
1985-10-03,4.0,1.0
1985-10-07,4.0,4.0
1985-10-10,2.0,4.0
1985-10-14,2.0,4.0
1985-10-17,2.0,4.0
1985-10-21,2.0,4.0
1985-10-24,2.0,4.0
1985-10-28,2.0,4.0
1985-10-31,2.0,1.0
1985-11-04,2.0,4.0
1985-11-07,4.0,4.0
1985-11-11,4.0,4.0
1985-11-14,2.0,4.0
1985-11-18,0.0,4.0
1985-11-21,0.0,4.0
1985-11-25,0.0,4.0
1985-11-28,0.0,4.0
1985-12-02,0.0,4.0
1985-12-05,0.0,4.0
1985-12-09,0.0,4.0
1985-12-12,0.0,4.0
1985-12-16,2.0,4.0
1985-12-19,2.0,4.0
1985-12-23,2.0,4.0
1985-12-26,3.0,4.0
1985-12-30,4.0,4.0
1986-01-02,4.0,4.0
1986-01-06,2.0,4.0
1986-01-09,2.0,4.0
1986-01-13,4.0,4.0
1986-01-16,4.0,4.0
1986-01-20,0.0,4.0
1986-01-23,4.0,4.0
1986-01-27,4.0,4.0
1986-01-30,4.0,4.0
1986-02-03,1.0,4.0
1986-02-06,1.0,4.0
1986-02-10,1.0,4.0
1986-02-13,1.0,4.0
1986-02-17,2.0,4.0
1986-02-20,4.0,4.0
1986-02-24,0.0,4.0
1986-02-27,0.0,4.0
1986-03-03,0.0,4.0
1986-03-06,3.0,4.0
1986-03-10,4.0,4.0
1986-03-13,4.0,4.0
1986-03-17,4.0,4.0
1986-03-20,3.0,4.0
1986-03-24,4.0,4.0
1986-03-27,0.0,4.0
1986-03-31,0.0,4.0
1986-04-03,0.0,4.0
1986-04-07,4.0,4.0
1986-04-10,1.0,4.0
1986-04-14,0.0,4.0
1986-04-17,0.0,4.0
1986-04-21,4.0,4.0
1986-04-24,3.0,4.0
1986-04-28,0.0,4.0
1986-05-01,0.0,4.0
1986-05-05,0.0,4.0
1986-05-08,4.0,4.0
1986-05-12,4.0,4.0
1986-05-15,4.0,4.0
1986-05-19,2.0,4.0
1986-05-22,2.0,4.0
1986-05-26,4.0,4.0
1986-05-29,4.0,4.0
1986-06-02,1.0,4.0
1986-06-05,3.0,4.0
1986-06-09,4.0,4.0
1986-06-12,2.0,4.0
1986-06-16,1.0,4.0
1986-06-19,1.0,4.0
1986-06-23,1.0,4.0
1986-06-26,4.0,4.0
1986-06-30,4.0,4.0
1986-07-03,4.0,4.0
1986-07-07,0.0,4.0
1986-07-10,0.0,4.0
1986-07-14,1.0,4.0
1986-07-17,4.0,4.0
1986-07-21,4.0,4.0
1986-07-24,4.0,4.0
1986-07-28,4.0,4.0
1986-07-31,1.0,4.0
1986-08-04,4.0,4.0
1986-08-07,4.0,4.0
1986-08-11,1.0,4.0
1986-08-14,1.0,4.0
1986-08-18,4.0,4.0
1986-08-21,4.0,4.0
1986-08-25,0.0,4.0
1986-08-28,0.0,4.0
1986-09-01,0.0,4.0
1986-09-04,3.0,4.0
1986-09-08,4.0,4.0
1986-09-11,4.0,4.0
1986-09-15,4.0,0.0
1986-09-18,1.0,3.0
1986-09-22,1.0,3.0
1986-09-25,1.0,3.0
1986-09-29,0.0,3.0
1986-10-02,0.0,3.0
1986-10-06,4.0,3.0
1986-10-09,1.0,3.0
1986-10-13,1.0,3.0
1986-10-16,4.0,3.0
1986-10-20,4.0,3.0
1986-10-23,4.0,3.0
1986-10-27,0.0,2.0
1986-10-30,0.0,2.0
1986-11-03,0.0,2.0
1986-11-06,0.0,4.0
1986-11-10,0.0,4.0
1986-11-13,4.0,4.0
1986-11-17,4.0,4.0
1986-11-20,2.0,4.0
1986-11-24,1.0,4.0
1986-11-27,1.0,4.0
1986-12-01,4.0,2.0
1986-12-04,4.0,2.0
1986-12-08,0.0,2.0
1986-12-11,0.0,2.0
1986-12-15,0.0,2.0
1986-12-18,4.0,2.0
1986-12-22,2.0,2.0
1986-12-25,2.0,2.0
1986-12-29,2.0,2.0
1987-01-01,2.0,2.0
1987-01-05,3.0,2.0
1987-01-08,3.0,2.0
1987-01-12,3.0,2.0
1987-01-15,4.0,2.0
1987-01-19,0.0,2.0
1987-01-22,4.0,2.0
1987-01-26,4.0,2.0
1987-01-29,0.0,2.0
1987-02-02,0.0,2.0
1987-02-05,4.0,2.0
1987-02-09,0.0,2.0
1987-02-12,0.0,2.0
1987-02-16,0.0,2.0
1987-02-19,0.0,2.0
1987-02-23,0.0,2.0
1987-02-26,0.0,2.0
1987-03-02,3.0,2.0
1987-03-05,4.0,2.0
1987-03-09,0.0,2.0
1987-03-12,0.0,2.0
1987-03-16,4.0,4.0
1987-03-19,1.0,4.0
1987-03-23,0.0,4.0
1987-03-26,4.0,4.0
1987-03-30,1.0,4.0
1987-04-02,1.0,4.0
1987-04-06,4.0,4.0
1987-04-09,4.0,4.0
1987-04-13,4.0,4.0
1987-04-16,0.0,4.0
1987-04-20,0.0,4.0
1987-04-23,0.0,4.0
1987-04-27,0.0,4.0
1987-04-30,0.0,4.0
1987-05-04,4.0,4.0
1987-05-07,4.0,4.0
1987-05-11,4.0,4.0
1987-05-14,0.0,4.0
1987-05-18,0.0,4.0
1987-05-21,0.0,4.0
1987-05-25,4.0,4.0
1987-05-28,4.0,4.0
1987-06-01,4.0,4.0
1987-06-04,3.0,4.0
1987-06-08,4.0,4.0
1987-06-11,4.0,4.0
1987-06-15,4.0,4.0
1987-06-18,4.0,4.0
1987-06-22,4.0,4.0
1987-06-25,4.0,4.0
1987-06-29,3.0,4.0
1987-07-02,3.0,4.0
1987-07-06,3.0,4.0
1987-07-09,3.0,4.0
1987-07-13,4.0,4.0
1987-07-16,4.0,4.0
1987-07-20,4.0,4.0
1987-07-23,4.0,4.0
1987-07-27,2.0,4.0
1987-07-30,2.0,4.0
1987-08-03,2.0,4.0
1987-08-06,2.0,4.0
1987-08-10,0.0,4.0
1987-08-13,0.0,4.0
1987-08-17,4.0,4.0
1987-08-20,4.0,4.0
1987-08-24,1.0,4.0
1987-08-27,1.0,4.0
1987-08-31,1.0,4.0
1987-09-03,4.0,4.0
1987-09-07,0.0,4.0
1987-09-10,1.0,4.0
1987-09-14,2.0,3.0
1987-09-17,2.0,3.0
1987-09-21,0.0,3.0
1987-09-24,4.0,4.0
1987-09-28,4.0,4.0
1987-10-01,0.0,4.0
1987-10-05,0.0,4.0
1987-10-08,0.0,4.0
1987-10-12,0.0,4.0
1987-10-15,0.0,4.0
1987-10-19,2.0,4.0
1987-10-22,2.0,4.0
1987-10-26,1.0,4.0
1987-10-29,1.0,4.0
1987-11-02,2.0,4.0
1987-11-05,2.0,4.0
1987-11-09,2.0,4.0
1987-11-12,2.0,4.0
1987-11-16,2.0,4.0
1987-11-19,0.0,4.0
1987-11-23,0.0,4.0
1987-11-26,0.0,4.0
1987-11-30,0.0,4.0
1987-12-03,4.0,4.0
1987-12-07,3.0,4.0
1987-12-10,3.0,4.0
1987-12-14,4.0,4.0
1987-12-17,2.0,4.0
1987-12-21,4.0,4.0
1987-12-24,1.0,4.0
1987-12-28,1.0,4.0
1987-12-31,1.0,4.0
1988-01-04,0.0,4.0
1988-01-07,0.0,4.0
1988-01-11,0.0,4.0
1988-01-14,0.0,4.0
1988-01-18,0.0,4.0
1988-01-21,2.0,4.0
1988-01-25,2.0,4.0
1988-01-28,2.0,4.0
1988-02-01,4.0,0.0
1988-02-04,4.0,0.0
1988-02-08,1.0,0.0
1988-02-11,0.0,4.0
1988-02-15,0.0,0.0
1988-02-18,2.0,0.0
1988-02-22,2.0,4.0
1988-02-25,2.0,0.0
1988-02-29,2.0,4.0
1988-03-03,2.0,4.0
1988-03-07,2.0,4.0
1988-03-10,2.0,4.0
1988-03-14,1.0,0.0
1988-03-17,1.0,0.0
1988-03-21,4.0,0.0
1988-03-24,4.0,0.0
1988-03-28,0.0,0.0
1988-03-31,0.0,1.0
1988-04-04,0.0,1.0
1988-04-07,0.0,1.0
1988-04-11,4.0,1.0
1988-04-14,4.0,1.0
1988-04-18,4.0,4.0
1988-04-21,0.0,4.0
1988-04-25,0.0,4.0
1988-04-28,0.0,4.0
1988-05-02,0.0,4.0
1988-05-05,0.0,4.0
1988-05-09,4.0,4.0
1988-05-12,4.0,4.0
1988-05-16,0.0,4.0
1988-05-19,0.0,4.0
1988-05-23,3.0,4.0
1988-05-26,3.0,4.0
1988-05-30,4.0,4.0
1988-06-02,4.0,4.0
1988-06-06,0.0,4.0
1988-06-09,0.0,4.0
1988-06-13,1.0,4.0
1988-06-16,1.0,4.0
1988-06-20,4.0,4.0
1988-06-23,4.0,4.0
1988-06-27,2.0,4.0
1988-06-30,2.0,4.0
1988-07-04,2.0,4.0
1988-07-07,2.0,4.0
1988-07-11,2.0,4.0
1988-07-14,2.0,4.0
1988-07-18,4.0,4.0
1988-07-21,4.0,4.0
1988-07-25,4.0,4.0
1988-07-28,1.0,4.0
1988-08-01,4.0,4.0
1988-08-04,3.0,4.0
1988-08-08,0.0,4.0
1988-08-11,0.0,4.0
1988-08-15,2.0,4.0
1988-08-18,2.0,4.0
1988-08-22,4.0,4.0
1988-08-25,4.0,4.0
1988-08-29,2.0,4.0
1988-09-01,2.0,4.0
1988-09-05,2.0,4.0
1988-09-08,0.0,4.0
1988-09-12,0.0,4.0
1988-09-15,0.0,4.0
1988-09-19,4.0,4.0
1988-09-22,4.0,4.0
1988-09-26,1.0,4.0
1988-09-29,1.0,4.0
1988-10-03,2.0,4.0
1988-10-06,2.0,4.0
1988-10-10,4.0,4.0
1988-10-13,0.0,4.0
1988-10-17,4.0,4.0
1988-10-20,4.0,4.0
1988-10-24,2.0,4.0
1988-10-27,4.0,4.0
1988-10-31,4.0,4.0
1988-11-03,1.0,4.0
1988-11-07,1.0,4.0
1988-11-10,1.0,4.0
1988-11-14,1.0,4.0
1988-11-17,1.0,4.0
1988-11-21,1.0,4.0
1988-11-24,1.0,4.0
1988-11-28,1.0,4.0
1988-12-01,1.0,4.0
1988-12-05,1.0,4.0
1988-12-08,1.0,4.0
1988-12-12,3.0,4.0
1988-12-15,4.0,4.0
1988-12-19,1.0,4.0
1988-12-22,3.0,4.0
1988-12-26,3.0,4.0
1988-12-29,4.0,4.0
1989-01-02,4.0,4.0
1989-01-05,3.0,4.0
1989-01-09,3.0,4.0
1989-01-12,3.0,4.0
1989-01-16,3.0,4.0
1989-01-19,3.0,4.0
1989-01-23,3.0,4.0
1989-01-26,4.0,4.0
1989-01-30,4.0,4.0
1989-02-02,0.0,4.0
1989-02-06,0.0,4.0
1989-02-09,0.0,4.0
1989-02-13,3.0,4.0
1989-02-16,4.0,4.0
1989-02-20,1.0,4.0
1989-02-23,1.0,4.0
1989-02-27,4.0,4.0
1989-03-02,4.0,1.0
1989-03-06,4.0,1.0
1989-03-09,4.0,1.0
1989-03-13,4.0,1.0
1989-03-16,4.0,1.0
1989-03-20,4.0,4.0
1989-03-23,1.0,4.0
1989-03-27,1.0,4.0
1989-03-30,3.0,4.0
1989-04-03,1.0,4.0
1989-04-06,1.0,4.0
1989-04-10,4.0,4.0
1989-04-13,1.0,4.0
1989-04-17,4.0,1.0
1989-04-20,2.0,4.0
1989-04-24,2.0,4.0
1989-04-27,4.0,4.0
1989-05-01,4.0,4.0
1989-05-04,4.0,4.0
1989-05-08,3.0,4.0
1989-05-11,3.0,4.0
1989-05-15,3.0,4.0
1989-05-18,4.0,4.0
1989-05-22,4.0,4.0
1989-05-25,4.0,4.0
1989-05-29,4.0,4.0
1989-06-01,4.0,4.0
1989-06-05,4.0,4.0
1989-06-08,4.0,4.0
1989-06-12,4.0,4.0
1989-06-15,0.0,4.0
1989-06-19,0.0,4.0
1989-06-22,4.0,4.0
1989-06-26,4.0,4.0
1989-06-29,0.0,4.0
1989-07-03,4.0,4.0
1989-07-06,2.0,4.0
1989-07-10,0.0,4.0
1989-07-13,0.0,4.0
1989-07-17,4.0,4.0
1989-07-20,4.0,4.0
1989-07-24,3.0,4.0
1989-07-27,3.0,4.0
1989-07-31,4.0,4.0
1989-08-03,0.0,4.0
1989-08-07,4.0,4.0
1989-08-10,1.0,4.0
1989-08-14,2.0,4.0
1989-08-17,4.0,4.0
1989-08-21,1.0,4.0
1989-08-24,4.0,4.0
1989-08-28,3.0,4.0
1989-08-31,3.0,4.0
1989-09-04,3.0,4.0
1989-09-07,4.0,4.0
1989-09-11,1.0,4.0
1989-09-14,1.0,0.0
1989-09-18,3.0,0.0
1989-09-21,4.0,0.0
1989-09-25,1.0,0.0
1989-09-28,4.0,0.0
1989-10-02,4.0,0.0
1989-10-05,4.0,0.0
1989-10-09,2.0,0.0
1989-10-12,2.0,0.0
1989-10-16,2.0,1.0
1989-10-19,2.0,1.0
1989-10-23,4.0,1.0
1989-10-26,4.0,1.0
1989-10-30,2.0,1.0
1989-11-02,2.0,1.0
1989-11-06,1.0,1.0
1989-11-09,1.0,1.0
1989-11-13,4.0,1.0
1989-11-16,0.0,1.0
1989-11-20,4.0,1.0
1989-11-23,1.0,1.0
1989-11-27,1.0,1.0
1989-11-30,1.0,1.0
1989-12-04,1.0,0.0
1989-12-07,1.0,0.0
1989-12-11,1.0,1.0
1989-12-14,1.0,0.0
1989-12-18,1.0,0.0
1989-12-21,1.0,0.0
1989-12-25,1.0,4.0
1989-12-28,1.0,0.0
1990-01-01,1.0,0.0
1990-01-04,1.0,0.0
1990-01-08,4.0,0.0
1990-01-11,4.0,0.0
1990-01-15,4.0,0.0
1990-01-18,4.0,0.0
1990-01-22,4.0,0.0
1990-01-25,3.0,0.0
1990-01-29,3.0,0.0
1990-02-01,4.0,0.0
1990-02-05,1.0,0.0
1990-02-08,1.0,0.0
1990-02-12,4.0,0.0
1990-02-15,3.0,0.0
1990-02-19,3.0,0.0
1990-02-22,3.0,0.0
1990-02-26,0.0,0.0
1990-03-01,0.0,0.0
1990-03-05,3.0,0.0
1990-03-08,3.0,0.0
1990-03-12,1.0,0.0
1990-03-15,1.0,0.0
1990-03-19,1.0,0.0
1990-03-22,1.0,0.0
1990-03-26,1.0,0.0
1990-03-29,2.0,0.0
1990-04-02,2.0,0.0
1990-04-05,2.0,0.0
1990-04-09,0.0,0.0
1990-04-12,3.0,0.0
1990-04-16,3.0,0.0
1990-04-19,1.0,4.0
1990-04-23,1.0,4.0
1990-04-26,1.0,0.0
1990-04-30,4.0,0.0
1990-05-03,3.0,4.0
1990-05-07,3.0,4.0
1990-05-10,4.0,4.0
1990-05-14,0.0,4.0
1990-05-17,0.0,4.0
1990-05-21,2.0,4.0
1990-05-24,2.0,4.0
1990-05-28,3.0,4.0
1990-05-31,4.0,4.0
1990-06-04,4.0,4.0
1990-06-07,4.0,4.0
1990-06-11,4.0,4.0
1990-06-14,4.0,4.0
1990-06-18,4.0,4.0
1990-06-21,0.0,4.0
1990-06-25,0.0,0.0
1990-06-28,4.0,0.0
1990-07-02,4.0,0.0
1990-07-05,1.0,0.0
1990-07-09,4.0,0.0
1990-07-12,4.0,4.0
1990-07-16,1.0,0.0
1990-07-19,1.0,0.0
1990-07-23,0.0,4.0
1990-07-26,0.0,0.0
1990-07-30,2.0,0.0
1990-08-02,4.0,0.0
1990-08-06,0.0,4.0
1990-08-09,4.0,0.0
1990-08-13,1.0,0.0
1990-08-16,1.0,0.0
1990-08-20,1.0,0.0
1990-08-23,1.0,0.0
1990-08-27,1.0,0.0
1990-08-30,0.0,0.0
1990-09-03,0.0,0.0
1990-09-06,0.0,0.0
1990-09-10,3.0,0.0
1990-09-13,3.0,0.0
1990-09-17,2.0,0.0
1990-09-20,2.0,0.0
1990-09-24,1.0,0.0
1990-09-27,1.0,0.0
1990-10-01,1.0,0.0
1990-10-04,1.0,0.0
1990-10-08,1.0,0.0
1990-10-11,1.0,0.0
1990-10-15,0.0,0.0
1990-10-18,1.0,0.0
1990-10-22,1.0,0.0
1990-10-25,1.0,0.0
1990-10-29,3.0,0.0
1990-11-01,3.0,0.0
1990-11-05,3.0,0.0
1990-11-08,3.0,0.0
1990-11-12,3.0,0.0
1990-11-15,3.0,0.0
1990-11-19,4.0,0.0
1990-11-22,1.0,0.0
1990-11-26,1.0,1.0
1990-11-29,1.0,1.0
1990-12-03,4.0,4.0
1990-12-06,3.0,4.0
1990-12-10,0.0,4.0
1990-12-13,0.0,4.0
1990-12-17,0.0,1.0
1990-12-20,0.0,1.0
1990-12-24,2.0,1.0
1990-12-27,4.0,1.0
1990-12-31,1.0,1.0
1991-01-03,4.0,1.0
1991-01-07,3.0,1.0
1991-01-10,3.0,1.0
1991-01-14,1.0,1.0
1991-01-17,2.0,1.0
1991-01-21,1.0,1.0
1991-01-24,1.0,1.0
1991-01-28,1.0,1.0
1991-01-31,1.0,1.0
1991-02-04,1.0,1.0
1991-02-07,0.0,1.0
1991-02-11,0.0,1.0
1991-02-14,0.0,1.0
1991-02-18,4.0,4.0
1991-02-21,4.0,4.0
1991-02-25,4.0,1.0
1991-02-28,4.0,2.0
1991-03-04,0.0,1.0
1991-03-07,2.0,2.0
1991-03-11,2.0,1.0
1991-03-14,0.0,1.0
1991-03-18,0.0,1.0
1991-03-21,0.0,1.0
1991-03-25,0.0,1.0
1991-03-28,4.0,2.0
1991-04-01,4.0,2.0
1991-04-04,1.0,2.0
1991-04-08,1.0,2.0
1991-04-11,4.0,2.0
1991-04-15,4.0,2.0
1991-04-18,4.0,2.0
1991-04-22,3.0,2.0
1991-04-25,3.0,1.0
1991-04-29,2.0,1.0
1991-05-02,1.0,2.0
1991-05-06,1.0,4.0
1991-05-09,4.0,4.0
1991-05-13,2.0,4.0
1991-05-16,2.0,4.0
1991-05-20,4.0,1.0
1991-05-23,1.0,1.0
1991-05-27,1.0,1.0
1991-05-30,3.0,1.0
1991-06-03,2.0,4.0
1991-06-06,2.0,4.0
1991-06-10,2.0,4.0
1991-06-13,2.0,1.0
1991-06-17,4.0,1.0
1991-06-20,4.0,1.0
1991-06-24,0.0,1.0
1991-06-27,4.0,4.0
1991-07-01,1.0,4.0
1991-07-04,4.0,4.0
1991-07-08,4.0,4.0
1991-07-11,0.0,4.0
1991-07-15,4.0,4.0
1991-07-18,4.0,4.0
1991-07-22,2.0,4.0
1991-07-25,2.0,4.0
1991-07-29,4.0,4.0
1991-08-01,4.0,4.0
1991-08-05,0.0,4.0
1991-08-08,0.0,4.0
1991-08-12,4.0,4.0
1991-08-15,0.0,4.0
1991-08-19,0.0,4.0
1991-08-22,4.0,4.0
1991-08-26,1.0,1.0
1991-08-29,3.0,1.0
1991-09-02,3.0,1.0
1991-09-05,4.0,1.0
1991-09-09,4.0,1.0
1991-09-12,4.0,1.0
1991-09-16,4.0,1.0
1991-09-19,3.0,1.0
1991-09-23,4.0,1.0
1991-09-26,0.0,1.0
1991-09-30,0.0,1.0
1991-10-03,4.0,1.0
1991-10-07,1.0,1.0
1991-10-10,1.0,1.0
1991-10-14,1.0,1.0
1991-10-17,1.0,1.0
1991-10-21,1.0,1.0
1991-10-24,1.0,2.0
1991-10-28,0.0,0.0
1991-10-31,0.0,2.0
1991-11-04,0.0,2.0
1991-11-07,0.0,2.0
1991-11-11,0.0,2.0
1991-11-14,0.0,1.0
1991-11-18,0.0,1.0
1991-11-21,4.0,1.0
1991-11-25,2.0,1.0
1991-11-28,2.0,0.0
1991-12-02,4.0,1.0
1991-12-05,0.0,1.0
1991-12-09,0.0,1.0
1991-12-12,0.0,1.0
1991-12-16,2.0,0.0
1991-12-19,4.0,0.0
1991-12-23,1.0,0.0
1991-12-26,3.0,0.0
1991-12-30,3.0,0.0
1992-01-02,0.0,3.0
1992-01-06,4.0,3.0
1992-01-09,4.0,3.0
1992-01-13,4.0,0.0
1992-01-16,0.0,0.0
1992-01-20,0.0,0.0
1992-01-23,2.0,0.0
1992-01-27,2.0,0.0
1992-01-30,4.0,0.0
1992-02-03,0.0,0.0
1992-02-06,0.0,0.0
1992-02-10,2.0,0.0
1992-02-13,3.0,0.0
1992-02-17,3.0,0.0
1992-02-20,4.0,3.0
1992-02-24,0.0,0.0
1992-02-27,0.0,0.0
1992-03-02,3.0,0.0
1992-03-05,3.0,3.0
1992-03-09,0.0,0.0
1992-03-12,0.0,0.0
1992-03-16,1.0,0.0
1992-03-19,1.0,0.0
1992-03-23,1.0,0.0
1992-03-26,3.0,0.0
1992-03-30,3.0,0.0
1992-04-02,3.0,0.0
1992-04-06,0.0,0.0
1992-04-09,0.0,0.0
1992-04-13,0.0,0.0
1992-04-16,3.0,0.0
1992-04-20,3.0,0.0
1992-04-23,0.0,0.0
1992-04-27,0.0,0.0
1992-04-30,0.0,0.0
1992-05-04,2.0,0.0
1992-05-07,2.0,0.0
1992-05-11,2.0,0.0
1992-05-14,2.0,0.0
1992-05-18,1.0,0.0
1992-05-21,1.0,4.0
1992-05-25,2.0,4.0
1992-05-28,4.0,4.0
1992-06-01,4.0,4.0
1992-06-04,4.0,4.0
1992-06-08,2.0,4.0
1992-06-11,2.0,4.0
1992-06-15,4.0,4.0
1992-06-18,0.0,4.0
1992-06-22,4.0,4.0
1992-06-25,4.0,4.0
1992-06-29,4.0,4.0
1992-07-02,4.0,4.0
1992-07-06,1.0,4.0
1992-07-09,1.0,4.0
1992-07-13,1.0,4.0
1992-07-16,1.0,4.0
1992-07-20,4.0,4.0
1992-07-23,3.0,4.0
1992-07-27,1.0,4.0
1992-07-30,1.0,4.0
1992-08-03,1.0,4.0
1992-08-06,4.0,4.0
1992-08-10,4.0,4.0
1992-08-13,4.0,0.0
1992-08-17,1.0,0.0
1992-08-20,1.0,0.0
1992-08-24,4.0,1.0
1992-08-27,4.0,1.0
1992-08-31,0.0,1.0
1992-09-03,0.0,0.0
1992-09-07,4.0,0.0
1992-09-10,2.0,0.0
1992-09-14,2.0,1.0
1992-09-17,1.0,1.0
1992-09-21,1.0,1.0
1992-09-24,0.0,0.0
1992-09-28,4.0,0.0
1992-10-01,4.0,0.0
1992-10-05,4.0,0.0
1992-10-08,1.0,0.0
1992-10-12,1.0,0.0
1992-10-15,4.0,0.0
1992-10-19,0.0,0.0
1992-10-22,4.0,0.0
1992-10-26,1.0,0.0
1992-10-29,1.0,0.0
1992-11-02,1.0,0.0
1992-11-05,3.0,0.0
1992-11-09,3.0,0.0
1992-11-12,1.0,0.0
1992-11-16,1.0,1.0
1992-11-19,1.0,1.0
1992-11-23,1.0,0.0
1992-11-26,1.0,1.0
1992-11-30,0.0,1.0
1992-12-03,0.0,1.0
1992-12-07,0.0,1.0
1992-12-10,0.0,1.0
1992-12-14,0.0,1.0
1992-12-17,0.0,1.0
1992-12-21,0.0,1.0
1992-12-24,4.0,0.0
1992-12-28,4.0,0.0
1992-12-31,4.0,0.0
1993-01-04,4.0,4.0
1993-01-07,0.0,4.0
1993-01-11,0.0,4.0
1993-01-14,2.0,4.0
1993-01-18,2.0,4.0
1993-01-21,3.0,4.0
1993-01-25,0.0,4.0
1993-01-28,0.0,4.0
1993-02-01,0.0,4.0
1993-02-04,0.0,4.0
1993-02-08,0.0,2.0
1993-02-11,2.0,2.0
1993-02-15,0.0,0.0
1993-02-18,0.0,2.0
1993-02-22,0.0,0.0
1993-02-25,0.0,0.0
1993-03-01,0.0,2.0
1993-03-04,0.0,2.0
1993-03-08,0.0,2.0
1993-03-11,0.0,2.0
1993-03-15,0.0,2.0
1993-03-18,0.0,2.0
1993-03-22,2.0,2.0
1993-03-25,2.0,2.0
1993-03-29,2.0,0.0
1993-04-01,2.0,4.0
1993-04-05,2.0,2.0
1993-04-08,2.0,2.0
1993-04-12,2.0,2.0
1993-04-15,0.0,2.0
1993-04-19,2.0,2.0
1993-04-22,2.0,0.0
1993-04-26,4.0,0.0
1993-04-29,4.0,0.0
1993-05-03,4.0,0.0
1993-05-06,4.0,0.0
1993-05-10,0.0,0.0
1993-05-13,1.0,0.0
1993-05-17,4.0,0.0
1993-05-20,3.0,0.0
1993-05-24,2.0,0.0
1993-05-27,4.0,0.0
1993-05-31,4.0,0.0
1993-06-03,4.0,0.0
1993-06-07,4.0,4.0
1993-06-10,4.0,0.0
1993-06-14,4.0,0.0
1993-06-17,4.0,0.0
1993-06-21,4.0,4.0
1993-06-24,0.0,4.0
1993-06-28,0.0,0.0
1993-07-01,0.0,0.0
1993-07-05,4.0,0.0
1993-07-08,4.0,0.0
1993-07-12,4.0,0.0
1993-07-15,4.0,0.0
1993-07-19,1.0,3.0
1993-07-22,1.0,3.0
1993-07-26,1.0,4.0
1993-07-29,1.0,4.0
1993-08-02,1.0,4.0
1993-08-05,1.0,4.0
1993-08-09,1.0,0.0
1993-08-12,1.0,0.0
1993-08-16,4.0,4.0
1993-08-19,4.0,4.0
1993-08-23,1.0,4.0
1993-08-26,1.0,4.0
1993-08-30,0.0,0.0
1993-09-02,4.0,0.0
1993-09-06,2.0,0.0
1993-09-09,2.0,0.0
1993-09-13,4.0,0.0
1993-09-16,1.0,0.0
1993-09-20,1.0,0.0
1993-09-23,1.0,0.0
1993-09-27,1.0,0.0
1993-09-30,1.0,0.0
1993-10-04,1.0,0.0
1993-10-07,1.0,0.0
1993-10-11,0.0,0.0
1993-10-14,0.0,0.0
1993-10-18,0.0,0.0
1993-10-21,0.0,0.0
1993-10-25,4.0,0.0
1993-10-28,1.0,0.0
1993-11-01,4.0,0.0
1993-11-04,2.0,0.0
1993-11-08,2.0,0.0
1993-11-11,4.0,0.0
1993-11-15,3.0,0.0
1993-11-18,2.0,0.0
1993-11-22,2.0,0.0
1993-11-25,4.0,0.0
1993-11-29,1.0,0.0
1993-12-02,4.0,0.0
1993-12-06,0.0,0.0
1993-12-09,4.0,0.0
1993-12-13,1.0,0.0
1993-12-16,1.0,0.0
1993-12-20,1.0,0.0
1993-12-23,3.0,0.0
1993-12-27,3.0,0.0
1993-12-30,3.0,3.0
1994-01-03,3.0,0.0
1994-01-06,2.0,0.0
1994-01-10,0.0,3.0
1994-01-13,0.0,1.0
1994-01-17,0.0,1.0
1994-01-20,1.0,1.0
1994-01-24,1.0,2.0
1994-01-27,1.0,2.0
1994-01-31,1.0,2.0
1994-02-03,1.0,1.0
1994-02-07,4.0,1.0
1994-02-10,3.0,1.0
1994-02-14,3.0,1.0
1994-02-17,1.0,3.0
1994-02-21,1.0,0.0
1994-02-24,4.0,0.0
1994-02-28,2.0,0.0
1994-03-03,2.0,0.0
1994-03-07,0.0,1.0
1994-03-10,0.0,0.0
1994-03-14,4.0,0.0
1994-03-17,4.0,1.0
1994-03-21,0.0,1.0
1994-03-24,4.0,1.0
1994-03-28,2.0,1.0
1994-03-31,0.0,1.0
1994-04-04,0.0,1.0
1994-04-07,3.0,1.0
1994-04-11,0.0,1.0
1994-04-14,0.0,1.0
1994-04-18,0.0,1.0
1994-04-21,0.0,1.0
1994-04-25,3.0,1.0
1994-04-28,4.0,1.0
1994-05-02,4.0,1.0
1994-05-05,1.0,1.0
1994-05-09,1.0,4.0
1994-05-12,1.0,4.0
1994-05-16,4.0,4.0
1994-05-19,4.0,4.0
1994-05-23,0.0,4.0
1994-05-26,0.0,4.0
1994-05-30,4.0,4.0
1994-06-02,2.0,4.0
1994-06-06,4.0,4.0
1994-06-09,4.0,4.0
1994-06-13,4.0,4.0
1994-06-16,4.0,4.0
1994-06-20,4.0,4.0
1994-06-23,4.0,4.0
1994-06-27,3.0,1.0
1994-06-30,1.0,1.0
1994-07-04,4.0,1.0
1994-07-07,4.0,1.0
1994-07-11,4.0,1.0
1994-07-14,3.0,1.0
1994-07-18,3.0,4.0
1994-07-21,2.0,4.0
1994-07-25,2.0,4.0
1994-07-28,2.0,4.0
1994-08-01,0.0,4.0
1994-08-04,4.0,4.0
1994-08-08,4.0,4.0
1994-08-11,2.0,4.0
1994-08-15,4.0,4.0
1994-08-18,0.0,4.0
1994-08-22,0.0,4.0
1994-08-25,4.0,4.0
1994-08-29,4.0,4.0
1994-09-01,0.0,1.0
1994-09-05,0.0,1.0
1994-09-08,4.0,1.0
1994-09-12,1.0,1.0
1994-09-15,1.0,1.0
1994-09-19,1.0,1.0
1994-09-22,1.0,1.0
1994-09-26,1.0,1.0
1994-09-29,1.0,1.0
1994-10-03,1.0,4.0
1994-10-06,1.0,4.0
1994-10-10,3.0,0.0
1994-10-13,3.0,0.0
1994-10-17,1.0,0.0
1994-10-20,1.0,0.0
1994-10-24,0.0,4.0
1994-10-27,0.0,4.0
1994-10-31,0.0,4.0
1994-11-03,0.0,4.0
1994-11-07,2.0,0.0
1994-11-10,2.0,0.0
1994-11-14,0.0,4.0
1994-11-17,0.0,0.0
1994-11-21,0.0,1.0
1994-11-24,0.0,0.0
1994-11-28,4.0,1.0
1994-12-01,2.0,1.0
1994-12-05,2.0,1.0
1994-12-08,2.0,1.0
1994-12-12,2.0,1.0
1994-12-15,2.0,3.0
1994-12-19,2.0,1.0
1994-12-22,2.0,1.0
1994-12-26,3.0,1.0
1994-12-29,4.0,1.0
1995-01-02,4.0,1.0
1995-01-05,3.0,1.0
1995-01-09,3.0,1.0
1995-01-12,3.0,1.0
1995-01-16,3.0,1.0
1995-01-19,4.0,1.0
1995-01-23,0.0,1.0
1995-01-26,0.0,1.0
1995-01-30,3.0,1.0
1995-02-02,4.0,1.0
1995-02-06,4.0,1.0
1995-02-09,2.0,1.0
1995-02-13,2.0,1.0
1995-02-16,0.0,1.0
1995-02-20,0.0,1.0
1995-02-23,0.0,1.0
1995-02-27,4.0,4.0
1995-03-02,4.0,1.0
1995-03-06,4.0,1.0
1995-03-09,2.0,1.0
1995-03-13,2.0,1.0
1995-03-16,2.0,1.0
1995-03-20,0.0,0.0
1995-03-23,2.0,0.0
1995-03-27,2.0,0.0
1995-03-30,2.0,0.0
1995-04-03,2.0,0.0
1995-04-06,1.0,0.0
1995-04-10,0.0,0.0
1995-04-13,0.0,0.0
1995-04-17,0.0,0.0
1995-04-20,0.0,0.0
1995-04-24,0.0,0.0
1995-04-27,0.0,0.0
1995-05-01,3.0,0.0
1995-05-04,3.0,0.0
1995-05-08,4.0,0.0
1995-05-11,2.0,0.0
1995-05-15,4.0,0.0
1995-05-18,1.0,0.0
1995-05-22,4.0,0.0
1995-05-25,2.0,0.0
1995-05-29,1.0,0.0
1995-06-01,1.0,0.0
1995-06-05,1.0,0.0
1995-06-08,1.0,0.0
1995-06-12,1.0,0.0
1995-06-15,1.0,0.0
1995-06-19,1.0,0.0
1995-06-22,1.0,0.0
1995-06-26,3.0,0.0
1995-06-29,3.0,0.0
1995-07-03,4.0,0.0
1995-07-06,4.0,0.0
1995-07-10,4.0,0.0
1995-07-13,4.0,0.0
1995-07-17,2.0,0.0
1995-07-20,4.0,0.0
1995-07-24,4.0,0.0
1995-07-27,4.0,4.0
1995-07-31,4.0,0.0
1995-08-03,4.0,0.0
1995-08-07,0.0,0.0
1995-08-10,1.0,0.0
1995-08-14,1.0,0.0
1995-08-17,1.0,0.0
1995-08-21,2.0,1.0
1995-08-24,0.0,0.0
1995-08-28,0.0,4.0
1995-08-31,4.0,4.0
1995-09-04,4.0,4.0
1995-09-07,4.0,4.0
1995-09-11,4.0,4.0
1995-09-14,3.0,0.0
1995-09-18,3.0,0.0
1995-09-21,4.0,0.0
1995-09-25,2.0,0.0
1995-09-28,2.0,0.0
1995-10-02,3.0,0.0
1995-10-05,3.0,0.0
1995-10-09,3.0,0.0
1995-10-12,3.0,0.0
1995-10-16,3.0,0.0
1995-10-19,3.0,0.0
1995-10-23,4.0,0.0
1995-10-26,2.0,0.0
1995-10-30,2.0,0.0
1995-11-02,2.0,0.0
1995-11-06,2.0,0.0
1995-11-09,2.0,0.0
1995-11-13,2.0,0.0
1995-11-16,2.0,0.0
1995-11-20,4.0,4.0
1995-11-23,3.0,3.0
1995-11-27,3.0,3.0
1995-11-30,1.0,0.0
1995-12-04,1.0,1.0
1995-12-07,4.0,1.0
1995-12-11,3.0,1.0
1995-12-14,4.0,4.0
1995-12-18,0.0,4.0
1995-12-21,4.0,4.0
1995-12-25,4.0,0.0
1995-12-28,4.0,4.0
1996-01-01,4.0,4.0
1996-01-04,1.0,0.0
1996-01-08,4.0,0.0
1996-01-11,3.0,0.0
1996-01-15,3.0,0.0
1996-01-18,0.0,0.0
1996-01-22,4.0,4.0
1996-01-25,4.0,4.0
1996-01-29,2.0,4.0
1996-02-01,1.0,4.0
1996-02-05,3.0,4.0
1996-02-08,3.0,4.0
1996-02-12,2.0,4.0
1996-02-15,2.0,4.0
1996-02-19,2.0,4.0
1996-02-22,0.0,0.0
1996-02-26,0.0,4.0
1996-02-29,0.0,4.0
1996-03-04,0.0,4.0
1996-03-07,2.0,4.0
1996-03-11,3.0,4.0
1996-03-14,3.0,4.0
1996-03-18,3.0,4.0
1996-03-21,3.0,4.0
1996-03-25,4.0,4.0
1996-03-28,0.0,4.0
1996-04-01,4.0,4.0
1996-04-04,2.0,4.0
1996-04-08,4.0,0.0
1996-04-11,4.0,0.0
1996-04-15,4.0,1.0
1996-04-18,4.0,1.0
1996-04-22,4.0,1.0
1996-04-25,4.0,1.0
1996-04-29,4.0,1.0
1996-05-02,4.0,1.0
1996-05-06,0.0,4.0
1996-05-09,0.0,4.0
1996-05-13,3.0,4.0
1996-05-16,0.0,4.0
1996-05-20,0.0,4.0
1996-05-23,1.0,4.0
1996-05-27,3.0,4.0
1996-05-30,3.0,4.0
1996-06-03,4.0,4.0
1996-06-06,4.0,4.0
1996-06-10,1.0,4.0
1996-06-13,1.0,4.0
1996-06-17,3.0,4.0
1996-06-20,3.0,4.0
1996-06-24,3.0,4.0
1996-06-27,3.0,4.0
1996-07-01,3.0,4.0
1996-07-04,3.0,4.0
1996-07-08,0.0,4.0
1996-07-11,0.0,4.0
1996-07-15,4.0,1.0
1996-07-18,4.0,4.0
1996-07-22,2.0,1.0
1996-07-25,4.0,4.0
1996-07-29,4.0,4.0
1996-08-01,4.0,4.0
1996-08-05,2.0,4.0
1996-08-08,3.0,4.0
1996-08-12,3.0,4.0
1996-08-15,0.0,4.0
1996-08-19,0.0,4.0
1996-08-22,0.0,4.0
1996-08-26,2.0,1.0
1996-08-29,2.0,1.0
1996-09-02,4.0,1.0
1996-09-05,4.0,1.0
1996-09-09,2.0,2.0
1996-09-12,1.0,2.0
1996-09-16,4.0,2.0
1996-09-19,4.0,2.0
1996-09-23,3.0,0.0
1996-09-26,4.0,0.0
1996-09-30,4.0,0.0
1996-10-03,0.0,0.0
1996-10-07,4.0,1.0
1996-10-10,1.0,4.0
1996-10-14,0.0,4.0
1996-10-17,0.0,4.0
1996-10-21,0.0,4.0
1996-10-24,2.0,4.0
1996-10-28,3.0,4.0
1996-10-31,3.0,4.0
1996-11-04,3.0,4.0
1996-11-07,3.0,4.0
1996-11-11,3.0,4.0
1996-11-14,4.0,4.0
1996-11-18,2.0,4.0
1996-11-21,2.0,4.0
1996-11-25,4.0,4.0
1996-11-28,4.0,4.0
1996-12-02,3.0,4.0
1996-12-05,3.0,4.0
1996-12-09,0.0,4.0
1996-12-12,0.0,4.0
1996-12-16,0.0,4.0
1996-12-19,4.0,1.0
1996-12-23,4.0,1.0
1996-12-26,0.0,1.0
1996-12-30,0.0,1.0
1997-01-02,1.0,1.0
1997-01-06,1.0,1.0
1997-01-09,1.0,1.0
1997-01-13,1.0,4.0
1997-01-16,4.0,4.0
1997-01-20,3.0,4.0
1997-01-23,3.0,1.0
1997-01-27,2.0,4.0
1997-01-30,2.0,1.0
1997-02-03,1.0,1.0
1997-02-06,1.0,1.0
1997-02-10,4.0,1.0
1997-02-13,0.0,1.0
1997-02-17,0.0,1.0
1997-02-20,4.0,1.0
1997-02-24,2.0,1.0
1997-02-27,2.0,1.0
1997-03-03,2.0,1.0
1997-03-06,2.0,4.0
1997-03-10,4.0,4.0
1997-03-13,3.0,4.0
1997-03-17,4.0,1.0
1997-03-20,2.0,1.0
1997-03-24,2.0,1.0
1997-03-27,2.0,1.0
1997-03-31,2.0,1.0
1997-04-03,3.0,1.0
1997-04-07,3.0,1.0
1997-04-10,2.0,1.0
1997-04-14,2.0,1.0
1997-04-17,0.0,1.0
1997-04-21,0.0,1.0
1997-04-24,0.0,1.0
1997-04-28,0.0,1.0
1997-05-01,3.0,1.0
1997-05-05,3.0,4.0
1997-05-08,4.0,1.0
1997-05-12,3.0,1.0
1997-05-15,3.0,1.0
1997-05-19,0.0,1.0
1997-05-22,4.0,1.0
1997-05-26,2.0,1.0
1997-05-29,4.0,1.0
1997-06-02,3.0,1.0
1997-06-05,3.0,0.0
1997-06-09,4.0,0.0
1997-06-12,4.0,0.0
1997-06-16,4.0,0.0
1997-06-19,1.0,4.0
1997-06-23,1.0,0.0
1997-06-26,4.0,0.0
1997-06-30,4.0,0.0
1997-07-03,4.0,0.0
1997-07-07,2.0,0.0
1997-07-10,2.0,0.0
1997-07-14,4.0,0.0
1997-07-17,0.0,0.0
1997-07-21,3.0,0.0
1997-07-24,3.0,0.0
1997-07-28,0.0,0.0
1997-07-31,0.0,0.0
1997-08-04,0.0,2.0
1997-08-07,0.0,2.0
1997-08-11,0.0,2.0
1997-08-14,3.0,2.0
1997-08-18,3.0,2.0
1997-08-21,3.0,4.0
1997-08-25,4.0,4.0
1997-08-28,2.0,0.0
1997-09-01,2.0,0.0
1997-09-04,2.0,2.0
1997-09-08,0.0,0.0
1997-09-11,0.0,0.0
1997-09-15,0.0,0.0
1997-09-18,0.0,0.0
1997-09-22,2.0,0.0
1997-09-25,2.0,0.0
1997-09-29,4.0,0.0
1997-10-02,4.0,0.0
1997-10-06,4.0,0.0
1997-10-09,2.0,0.0
1997-10-13,2.0,0.0
1997-10-16,2.0,0.0
1997-10-20,4.0,0.0
1997-10-23,2.0,0.0
1997-10-27,2.0,0.0
1997-10-30,1.0,0.0
1997-11-03,1.0,0.0
1997-11-06,1.0,0.0
1997-11-10,3.0,0.0
1997-11-13,3.0,0.0
1997-11-17,3.0,0.0
1997-11-20,3.0,0.0
1997-11-24,0.0,0.0
1997-11-27,0.0,0.0
1997-12-01,0.0,0.0
1997-12-04,0.0,0.0
1997-12-08,0.0,0.0
1997-12-11,0.0,0.0
1997-12-15,0.0,0.0
1997-12-18,0.0,0.0
1997-12-22,0.0,0.0
1997-12-25,0.0,0.0
1997-12-29,0.0,0.0
1998-01-01,0.0,0.0
1998-01-05,0.0,0.0
1998-01-08,2.0,0.0
1998-01-12,2.0,0.0
1998-01-15,0.0,0.0
1998-01-19,0.0,0.0
1998-01-22,0.0,0.0
1998-01-26,0.0,2.0
1998-01-29,0.0,2.0
1998-02-02,1.0,2.0
1998-02-05,1.0,2.0
1998-02-09,1.0,2.0
1998-02-12,4.0,2.0
1998-02-16,1.0,0.0
1998-02-19,1.0,0.0
1998-02-23,0.0,0.0
1998-02-26,0.0,4.0
1998-03-02,4.0,0.0
1998-03-05,4.0,0.0
1998-03-09,1.0,0.0
1998-03-12,1.0,0.0
1998-03-16,1.0,0.0
1998-03-19,1.0,0.0
1998-03-23,1.0,0.0
1998-03-26,1.0,0.0
1998-03-30,2.0,0.0
1998-04-02,4.0,0.0
1998-04-06,4.0,0.0
1998-04-09,4.0,0.0
1998-04-13,2.0,0.0
1998-04-16,2.0,0.0
1998-04-20,1.0,0.0
1998-04-23,1.0,0.0
1998-04-27,1.0,0.0
1998-04-30,1.0,0.0
1998-05-04,4.0,4.0
1998-05-07,2.0,4.0
1998-05-11,0.0,4.0
1998-05-14,0.0,4.0
1998-05-18,4.0,0.0
1998-05-21,4.0,0.0
1998-05-25,4.0,0.0
1998-05-28,4.0,0.0
1998-06-01,4.0,4.0
1998-06-04,4.0,4.0
1998-06-08,3.0,4.0
1998-06-11,3.0,4.0
1998-06-15,4.0,4.0
1998-06-18,0.0,4.0
1998-06-22,4.0,4.0
1998-06-25,1.0,0.0
1998-06-29,1.0,0.0
1998-07-02,1.0,0.0
1998-07-06,0.0,0.0
1998-07-09,2.0,0.0
1998-07-13,2.0,0.0
1998-07-16,2.0,0.0
1998-07-20,0.0,0.0
1998-07-23,4.0,0.0
1998-07-27,4.0,0.0
1998-07-30,4.0,0.0
1998-08-03,1.0,0.0
1998-08-06,1.0,0.0
1998-08-10,4.0,0.0
1998-08-13,3.0,0.0
1998-08-17,3.0,0.0
1998-08-20,4.0,0.0
1998-08-24,1.0,0.0
1998-08-27,2.0,0.0
1998-08-31,2.0,0.0
1998-09-03,0.0,0.0
1998-09-07,4.0,0.0
1998-09-10,2.0,4.0
1998-09-14,2.0,3.0
1998-09-17,4.0,3.0
1998-09-21,4.0,4.0
1998-09-24,4.0,4.0
1998-09-28,4.0,4.0
1998-10-01,0.0,4.0
1998-10-05,0.0,4.0
1998-10-08,0.0,4.0
1998-10-12,1.0,4.0
1998-10-15,1.0,4.0
1998-10-19,0.0,4.0
1998-10-22,0.0,4.0
1998-10-26,3.0,4.0
1998-10-29,3.0,4.0
1998-11-02,3.0,0.0
1998-11-05,3.0,0.0
1998-11-09,2.0,4.0
1998-11-12,2.0,0.0
1998-11-16,3.0,0.0
1998-11-19,4.0,4.0
1998-11-23,0.0,4.0
1998-11-26,0.0,4.0
1998-11-30,1.0,4.0
1998-12-03,1.0,4.0
1998-12-07,1.0,2.0
1998-12-10,4.0,2.0
1998-12-14,0.0,2.0
1998-12-17,0.0,2.0
1998-12-21,0.0,2.0
1998-12-24,0.0,2.0
1998-12-28,0.0,2.0
1998-12-31,0.0,2.0
1999-01-04,0.0,2.0
1999-01-07,0.0,2.0
1999-01-11,3.0,2.0
1999-01-14,4.0,2.0
1999-01-18,4.0,2.0
1999-01-21,0.0,2.0
1999-01-25,0.0,2.0
1999-01-28,0.0,2.0
1999-02-01,0.0,2.0
1999-02-04,1.0,2.0
1999-02-08,1.0,2.0
1999-02-11,1.0,2.0
1999-02-15,1.0,2.0
1999-02-18,1.0,2.0
1999-02-22,2.0,0.0
1999-02-25,2.0,2.0
1999-03-01,2.0,2.0
1999-03-04,2.0,2.0
1999-03-08,4.0,0.0
1999-03-11,1.0,4.0
1999-03-15,4.0,1.0
1999-03-18,2.0,1.0
1999-03-22,4.0,1.0
1999-03-25,3.0,1.0
1999-03-29,0.0,1.0
1999-04-01,0.0,1.0
1999-04-05,4.0,1.0
1999-04-08,1.0,1.0
1999-04-12,1.0,1.0
1999-04-15,1.0,1.0
1999-04-19,4.0,1.0
1999-04-22,4.0,2.0
1999-04-26,0.0,2.0
1999-04-29,0.0,2.0
1999-05-03,1.0,2.0
1999-05-06,4.0,2.0
1999-05-10,3.0,2.0
1999-05-13,3.0,2.0
1999-05-17,3.0,2.0
1999-05-20,0.0,2.0
1999-05-24,1.0,2.0
1999-05-27,1.0,1.0
1999-05-31,1.0,1.0
1999-06-03,1.0,1.0
1999-06-07,1.0,2.0
1999-06-10,1.0,2.0
1999-06-14,4.0,1.0
1999-06-17,4.0,1.0
1999-06-21,4.0,1.0
1999-06-24,4.0,1.0
1999-06-28,0.0,1.0
1999-07-01,0.0,1.0
1999-07-05,0.0,1.0
1999-07-08,0.0,1.0
1999-07-12,1.0,1.0
1999-07-15,4.0,1.0
1999-07-19,3.0,1.0
1999-07-22,4.0,1.0
1999-07-26,0.0,2.0
1999-07-29,0.0,2.0
1999-08-02,0.0,2.0
1999-08-05,1.0,2.0
1999-08-09,1.0,2.0
1999-08-12,1.0,1.0
1999-08-16,0.0,1.0
1999-08-19,0.0,1.0
1999-08-23,4.0,1.0
1999-08-26,1.0,1.0
1999-08-30,2.0,1.0
1999-09-02,0.0,1.0
1999-09-06,0.0,2.0
1999-09-09,4.0,1.0
1999-09-13,0.0,2.0
1999-09-16,0.0,1.0
1999-09-20,0.0,1.0
1999-09-23,0.0,2.0
1999-09-27,0.0,2.0
1999-09-30,0.0,1.0
1999-10-04,4.0,1.0
1999-10-07,4.0,2.0
1999-10-11,0.0,2.0
1999-10-14,0.0,2.0
1999-10-18,1.0,1.0
1999-10-21,4.0,1.0
1999-10-25,4.0,1.0
1999-10-28,1.0,4.0
1999-11-01,4.0,3.0
1999-11-04,4.0,3.0
1999-11-08,1.0,3.0
1999-11-11,1.0,3.0
1999-11-15,1.0,1.0
1999-11-18,1.0,2.0
1999-11-22,4.0,2.0
1999-11-25,4.0,2.0
1999-11-29,4.0,2.0
1999-12-02,4.0,2.0
1999-12-06,0.0,2.0
1999-12-09,0.0,2.0
1999-12-13,4.0,2.0
1999-12-16,4.0,2.0
1999-12-20,4.0,2.0
1999-12-23,0.0,2.0
1999-12-27,0.0,2.0
1999-12-30,0.0,2.0
2000-01-03,0.0,2.0
2000-01-06,0.0,0.0
2000-01-10,0.0,2.0
2000-01-13,0.0,2.0
2000-01-17,0.0,2.0
2000-01-20,0.0,1.0
2000-01-24,0.0,2.0
2000-01-27,0.0,2.0
2000-01-31,1.0,1.0
2000-02-03,4.0,0.0
2000-02-07,2.0,0.0
2000-02-10,4.0,0.0
2000-02-14,1.0,0.0
2000-02-17,4.0,0.0
2000-02-21,4.0,0.0
2000-02-24,4.0,0.0
2000-02-28,0.0,0.0
2000-03-02,0.0,0.0
2000-03-06,0.0,0.0
2000-03-09,0.0,0.0
2000-03-13,0.0,0.0
2000-03-16,3.0,4.0
2000-03-20,3.0,1.0
2000-03-23,3.0,0.0
2000-03-27,0.0,4.0
2000-03-30,0.0,4.0
2000-04-03,2.0,1.0
2000-04-06,4.0,1.0
2000-04-10,4.0,1.0
2000-04-13,1.0,1.0
2000-04-17,0.0,1.0
2000-04-20,0.0,1.0
2000-04-24,4.0,1.0
2000-04-27,1.0,1.0
2000-05-01,3.0,1.0
2000-05-04,3.0,1.0
2000-05-08,3.0,1.0
2000-05-11,3.0,1.0
2000-05-15,4.0,1.0
2000-05-18,4.0,4.0
2000-05-22,4.0,4.0
2000-05-25,1.0,4.0
2000-05-29,4.0,4.0
2000-06-01,4.0,4.0
2000-06-05,4.0,4.0
2000-06-08,4.0,4.0
2000-06-12,1.0,4.0
2000-06-15,1.0,4.0
2000-06-19,3.0,4.0
2000-06-22,3.0,3.0
2000-06-26,3.0,3.0
2000-06-29,3.0,3.0
2000-07-03,4.0,3.0
2000-07-06,1.0,3.0
2000-07-10,1.0,3.0
2000-07-13,1.0,3.0
2000-07-17,1.0,3.0
2000-07-20,1.0,3.0
2000-07-24,0.0,3.0
2000-07-27,4.0,3.0
2000-07-31,4.0,3.0
2000-08-03,4.0,4.0
2000-08-07,3.0,2.0
2000-08-10,3.0,2.0
2000-08-14,4.0,2.0
2000-08-17,0.0,2.0
2000-08-21,0.0,2.0
2000-08-24,0.0,4.0
2000-08-28,0.0,4.0
2000-08-31,0.0,2.0
2000-09-04,4.0,2.0
2000-09-07,4.0,2.0
2000-09-11,4.0,2.0
2000-09-14,4.0,2.0
2000-09-18,4.0,2.0
2000-09-21,1.0,2.0
2000-09-25,1.0,2.0
2000-09-28,2.0,2.0
2000-10-02,2.0,2.0
2000-10-05,2.0,2.0
2000-10-09,2.0,2.0
2000-10-12,2.0,2.0
2000-10-16,2.0,2.0
2000-10-19,2.0,2.0
2000-10-23,0.0,2.0
2000-10-26,0.0,4.0
2000-10-30,2.0,4.0
2000-11-02,2.0,4.0
2000-11-06,2.0,4.0
2000-11-09,2.0,4.0
2000-11-13,0.0,4.0
2000-11-16,0.0,2.0
2000-11-20,0.0,2.0
2000-11-23,0.0,2.0
2000-11-27,0.0,1.0
2000-11-30,0.0,4.0
2000-12-04,1.0,4.0
2000-12-07,1.0,4.0
2000-12-11,4.0,4.0
2000-12-14,1.0,4.0
2000-12-18,1.0,2.0
2000-12-21,1.0,2.0
2000-12-25,1.0,2.0
2000-12-28,4.0,2.0
2001-01-01,0.0,1.0
2001-01-04,0.0,1.0
2001-01-08,2.0,1.0
2001-01-11,2.0,1.0
2001-01-15,2.0,1.0
2001-01-18,1.0,0.0
2001-01-22,2.0,0.0
2001-01-25,2.0,0.0
2001-01-29,2.0,0.0
2001-02-01,2.0,0.0
2001-02-05,2.0,0.0
2001-02-08,1.0,0.0
2001-02-12,1.0,0.0
2001-02-15,1.0,0.0
2001-02-19,1.0,0.0
2001-02-22,2.0,0.0
2001-02-26,4.0,0.0
2001-03-01,4.0,0.0
2001-03-05,0.0,0.0
2001-03-08,0.0,0.0
2001-03-12,4.0,0.0
2001-03-15,4.0,0.0
2001-03-19,4.0,0.0
2001-03-22,0.0,2.0
2001-03-26,4.0,2.0
2001-03-29,2.0,2.0
2001-04-02,2.0,4.0
2001-04-05,2.0,4.0
2001-04-09,3.0,4.0
2001-04-12,4.0,4.0
2001-04-16,2.0,0.0
2001-04-19,4.0,0.0
2001-04-23,4.0,2.0
2001-04-26,3.0,2.0
2001-04-30,1.0,2.0
2001-05-03,1.0,2.0
2001-05-07,4.0,2.0
2001-05-10,3.0,2.0
2001-05-14,3.0,4.0
2001-05-17,3.0,0.0
2001-05-21,2.0,4.0
2001-05-24,2.0,4.0
2001-05-28,4.0,4.0
2001-05-31,4.0,4.0
2001-06-04,4.0,4.0
2001-06-07,3.0,4.0
2001-06-11,3.0,4.0
2001-06-14,3.0,4.0
2001-06-18,3.0,4.0
2001-06-21,3.0,4.0
2001-06-25,4.0,4.0
2001-06-28,4.0,4.0
2001-07-02,4.0,4.0
2001-07-05,0.0,4.0
2001-07-09,0.0,4.0
2001-07-12,0.0,4.0
2001-07-16,4.0,4.0
2001-07-19,4.0,4.0
2001-07-23,0.0,4.0
2001-07-26,4.0,4.0
2001-07-30,4.0,4.0
2001-08-02,0.0,4.0
2001-08-06,2.0,4.0
2001-08-09,2.0,4.0
2001-08-13,1.0,4.0
2001-08-16,1.0,4.0
2001-08-20,1.0,4.0
2001-08-23,1.0,4.0
2001-08-27,1.0,4.0
2001-08-30,1.0,1.0
2001-09-03,4.0,1.0
2001-09-06,0.0,1.0
2001-09-10,0.0,1.0
2001-09-13,0.0,1.0
2001-09-17,0.0,1.0
2001-09-20,0.0,1.0
2001-09-24,0.0,1.0
2001-09-27,0.0,1.0
2001-10-01,0.0,1.0
2001-10-04,0.0,1.0
2001-10-08,0.0,1.0
2001-10-11,0.0,1.0
2001-10-15,1.0,1.0
2001-10-18,1.0,1.0
2001-10-22,1.0,1.0
2001-10-25,4.0,1.0
2001-10-29,0.0,1.0
2001-11-01,0.0,1.0
2001-11-05,4.0,1.0
2001-11-08,2.0,1.0
2001-11-12,2.0,1.0
2001-11-15,0.0,1.0
2001-11-19,0.0,1.0
2001-11-22,4.0,1.0
2001-11-26,1.0,1.0
2001-11-29,1.0,1.0
2001-12-03,1.0,1.0
2001-12-06,1.0,1.0
2001-12-10,1.0,1.0
2001-12-13,2.0,1.0
2001-12-17,4.0,1.0
2001-12-20,1.0,1.0
2001-12-24,1.0,1.0
2001-12-27,0.0,1.0
2001-12-31,0.0,1.0
2002-01-03,4.0,1.0
2002-01-07,1.0,1.0
2002-01-10,3.0,1.0
2002-01-14,3.0,1.0
2002-01-17,0.0,1.0
2002-01-21,1.0,1.0
2002-01-24,1.0,1.0
2002-01-28,2.0,1.0
2002-01-31,1.0,1.0
2002-02-04,3.0,1.0
2002-02-07,3.0,1.0
2002-02-11,3.0,1.0
2002-02-14,3.0,1.0
2002-02-18,3.0,1.0
2002-02-21,3.0,1.0
2002-02-25,1.0,1.0
2002-02-28,1.0,1.0
2002-03-04,3.0,1.0
2002-03-07,3.0,1.0
2002-03-11,1.0,1.0
2002-03-14,1.0,1.0
2002-03-18,1.0,1.0
2002-03-21,1.0,2.0
2002-03-25,2.0,1.0
2002-03-28,2.0,1.0
2002-04-01,4.0,1.0
2002-04-04,0.0,1.0
2002-04-08,0.0,2.0
2002-04-11,0.0,1.0
2002-04-15,0.0,1.0
2002-04-18,4.0,1.0
2002-04-22,2.0,1.0
2002-04-25,2.0,1.0
2002-04-29,4.0,1.0
2002-05-02,0.0,1.0
2002-05-06,0.0,1.0
2002-05-09,4.0,1.0
2002-05-13,4.0,1.0
2002-05-16,4.0,4.0
2002-05-20,4.0,4.0
2002-05-23,4.0,4.0
2002-05-27,0.0,4.0
2002-05-30,0.0,4.0
2002-06-03,4.0,4.0
2002-06-06,4.0,4.0
2002-06-10,4.0,1.0
2002-06-13,4.0,1.0
2002-06-17,4.0,4.0
2002-06-20,4.0,4.0
2002-06-24,3.0,4.0
2002-06-27,3.0,4.0
2002-07-01,0.0,4.0
2002-07-04,0.0,4.0
2002-07-08,0.0,4.0
2002-07-11,3.0,1.0
2002-07-15,4.0,1.0
2002-07-18,0.0,1.0
2002-07-22,4.0,1.0
2002-07-25,0.0,1.0
2002-07-29,4.0,1.0
2002-08-01,4.0,2.0
2002-08-05,1.0,1.0
2002-08-08,1.0,1.0
2002-08-12,1.0,1.0
2002-08-15,1.0,1.0
2002-08-19,1.0,4.0
2002-08-22,4.0,4.0
2002-08-26,4.0,4.0
2002-08-29,2.0,4.0
2002-09-02,2.0,1.0
2002-09-05,2.0,1.0
2002-09-09,2.0,2.0
2002-09-12,4.0,2.0
2002-09-16,4.0,2.0
2002-09-19,4.0,2.0
2002-09-23,0.0,2.0
2002-09-26,4.0,1.0
2002-09-30,2.0,1.0
2002-10-03,2.0,1.0
2002-10-07,2.0,1.0
2002-10-10,2.0,1.0
2002-10-14,4.0,1.0
2002-10-17,4.0,1.0
2002-10-21,0.0,2.0
2002-10-24,0.0,2.0
2002-10-28,2.0,2.0
2002-10-31,2.0,2.0
2002-11-04,2.0,2.0
2002-11-07,4.0,2.0
2002-11-11,0.0,0.0
2002-11-14,0.0,0.0
2002-11-18,2.0,0.0
2002-11-21,2.0,0.0
2002-11-25,2.0,0.0
2002-11-28,2.0,2.0
2002-12-02,2.0,2.0
2002-12-05,2.0,2.0
2002-12-09,0.0,0.0
2002-12-12,0.0,0.0
2002-12-16,1.0,0.0
2002-12-19,1.0,0.0
2002-12-23,2.0,0.0
2002-12-26,2.0,0.0
2002-12-30,1.0,0.0
2003-01-02,1.0,0.0
2003-01-06,1.0,0.0
2003-01-09,1.0,0.0
2003-01-13,4.0,0.0
2003-01-16,4.0,2.0
2003-01-20,4.0,2.0
2003-01-23,0.0,2.0
2003-01-27,0.0,2.0
2003-01-30,0.0,2.0
2003-02-03,4.0,2.0
2003-02-06,1.0,1.0
2003-02-10,1.0,2.0
2003-02-13,4.0,2.0
2003-02-17,4.0,2.0
2003-02-20,1.0,2.0
2003-02-24,1.0,2.0
2003-02-27,4.0,2.0
2003-03-03,2.0,2.0
2003-03-06,2.0,2.0
2003-03-10,3.0,2.0
2003-03-13,3.0,2.0
2003-03-17,1.0,2.0
2003-03-20,1.0,2.0
2003-03-24,1.0,2.0
2003-03-27,3.0,2.0
2003-03-31,4.0,2.0
2003-04-03,0.0,2.0
2003-04-07,4.0,2.0
2003-04-10,2.0,2.0
2003-04-14,2.0,2.0
2003-04-17,2.0,2.0
2003-04-21,4.0,2.0
2003-04-24,2.0,2.0
2003-04-28,4.0,2.0
2003-05-01,1.0,2.0
2003-05-05,1.0,4.0
2003-05-08,1.0,4.0
2003-05-12,1.0,4.0
2003-05-15,3.0,4.0
2003-05-19,3.0,4.0
2003-05-22,3.0,4.0
2003-05-26,0.0,4.0
2003-05-29,4.0,4.0
2003-06-02,4.0,4.0
2003-06-05,4.0,4.0
2003-06-09,4.0,4.0
2003-06-12,3.0,4.0
2003-06-16,4.0,4.0
2003-06-19,4.0,4.0
2003-06-23,4.0,4.0
2003-06-26,4.0,4.0
2003-06-30,4.0,4.0
2003-07-03,4.0,4.0
2003-07-07,4.0,4.0
2003-07-10,0.0,4.0
2003-07-14,0.0,4.0
2003-07-17,0.0,4.0
2003-07-21,4.0,4.0
2003-07-24,4.0,4.0
2003-07-28,4.0,4.0
2003-07-31,4.0,4.0
2003-08-04,4.0,4.0
2003-08-07,4.0,4.0
2003-08-11,4.0,4.0
2003-08-14,0.0,4.0
2003-08-18,0.0,4.0
2003-08-21,0.0,4.0
2003-08-25,4.0,4.0
2003-08-28,4.0,4.0
2003-09-01,4.0,4.0
2003-09-04,4.0,4.0
2003-09-08,3.0,4.0
2003-09-11,4.0,4.0
2003-09-15,1.0,4.0
2003-09-18,1.0,4.0
2003-09-22,1.0,4.0
2003-09-25,1.0,4.0
2003-09-29,1.0,4.0
2003-10-02,1.0,4.0
2003-10-06,1.0,4.0
2003-10-09,1.0,4.0
2003-10-13,0.0,4.0
2003-10-16,0.0,4.0
2003-10-20,0.0,4.0
2003-10-23,0.0,4.0
2003-10-27,0.0,4.0
2003-10-30,0.0,4.0
2003-11-03,0.0,4.0
2003-11-06,0.0,4.0
2003-11-10,3.0,0.0
2003-11-13,3.0,4.0
2003-11-17,2.0,0.0
2003-11-20,2.0,0.0
2003-11-24,2.0,0.0
2003-11-27,2.0,0.0
2003-12-01,2.0,1.0
2003-12-04,2.0,0.0
2003-12-08,2.0,0.0
2003-12-11,2.0,4.0
2003-12-15,4.0,4.0
2003-12-18,2.0,4.0
2003-12-22,2.0,2.0
2003-12-25,0.0,2.0
2003-12-29,0.0,2.0
2004-01-01,0.0,2.0
2004-01-05,4.0,2.0
2004-01-08,1.0,0.0
2004-01-12,1.0,0.0
2004-01-15,1.0,0.0
2004-01-19,1.0,0.0
2004-01-22,1.0,2.0
2004-01-26,3.0,2.0
2004-01-29,3.0,2.0
2004-02-02,0.0,2.0
2004-02-05,0.0,2.0
2004-02-09,0.0,2.0
2004-02-12,0.0,2.0
2004-02-16,2.0,2.0
2004-02-19,2.0,2.0
2004-02-23,1.0,2.0
2004-02-26,4.0,3.0
2004-03-01,1.0,3.0
2004-03-04,1.0,3.0
2004-03-08,4.0,4.0
2004-03-11,3.0,4.0
2004-03-15,3.0,4.0
2004-03-18,4.0,4.0
2004-03-22,1.0,4.0
2004-03-25,1.0,4.0
2004-03-29,1.0,4.0
2004-04-01,1.0,4.0
2004-04-05,1.0,0.0
2004-04-08,2.0,0.0
2004-04-12,2.0,0.0
2004-04-15,4.0,0.0
2004-04-19,1.0,0.0
2004-04-22,4.0,0.0
2004-04-26,4.0,0.0
2004-04-29,4.0,0.0
2004-05-03,4.0,4.0
2004-05-06,2.0,4.0
2004-05-10,2.0,4.0
2004-05-13,4.0,4.0
2004-05-17,3.0,4.0
2004-05-20,3.0,4.0
2004-05-24,4.0,4.0
2004-05-27,4.0,4.0
2004-05-31,0.0,4.0
2004-06-03,0.0,4.0
2004-06-07,1.0,4.0
2004-06-10,4.0,4.0
2004-06-14,2.0,4.0
2004-06-17,2.0,4.0
2004-06-21,4.0,4.0
2004-06-24,4.0,4.0
2004-06-28,4.0,4.0
2004-07-01,4.0,4.0
2004-07-05,4.0,4.0
2004-07-08,3.0,4.0
2004-07-12,3.0,4.0
2004-07-15,3.0,4.0
2004-07-19,4.0,4.0
2004-07-22,4.0,4.0
2004-07-26,4.0,4.0
2004-07-29,4.0,4.0
2004-08-02,1.0,4.0
2004-08-05,1.0,4.0
2004-08-09,1.0,4.0
2004-08-12,4.0,4.0
2004-08-16,0.0,4.0
2004-08-19,0.0,4.0
2004-08-23,4.0,4.0
2004-08-26,1.0,4.0
2004-08-30,1.0,1.0
2004-09-02,1.0,0.0
2004-09-06,1.0,3.0
2004-09-09,1.0,3.0
2004-09-13,1.0,3.0
2004-09-16,4.0,3.0
2004-09-20,0.0,0.0
2004-09-23,0.0,0.0
2004-09-27,1.0,0.0
2004-09-30,1.0,0.0
2004-10-04,1.0,0.0
2004-10-07,1.0,0.0
2004-10-11,1.0,0.0
2004-10-14,1.0,0.0
2004-10-18,4.0,0.0
2004-10-21,4.0,0.0
2004-10-25,0.0,0.0
2004-10-28,0.0,0.0
2004-11-01,1.0,0.0
2004-11-04,3.0,0.0
2004-11-08,1.0,0.0
2004-11-11,1.0,0.0
2004-11-15,3.0,0.0
2004-11-18,3.0,0.0
2004-11-22,3.0,0.0
2004-11-25,3.0,0.0
2004-11-29,0.0,0.0
2004-12-02,0.0,0.0
2004-12-06,0.0,0.0
2004-12-09,0.0,0.0
2004-12-13,1.0,0.0
2004-12-16,1.0,0.0
2004-12-20,0.0,0.0
2004-12-23,0.0,0.0
2004-12-27,4.0,0.0
2004-12-30,4.0,0.0
2005-01-03,2.0,0.0
2005-01-06,2.0,0.0
2005-01-10,2.0,0.0
2005-01-13,2.0,0.0
2005-01-17,2.0,0.0
2005-01-20,2.0,0.0
2005-01-24,2.0,0.0
2005-01-27,2.0,0.0
2005-01-31,1.0,0.0
2005-02-03,1.0,0.0
2005-02-07,0.0,0.0
2005-02-10,0.0,0.0
2005-02-14,0.0,0.0
2005-02-17,0.0,0.0
2005-02-21,4.0,0.0
2005-02-24,4.0,0.0
2005-02-28,2.0,0.0
2005-03-03,2.0,0.0
2005-03-07,4.0,0.0
2005-03-10,4.0,0.0
2005-03-14,0.0,0.0
2005-03-17,0.0,0.0
2005-03-21,0.0,0.0
2005-03-24,4.0,0.0
2005-03-28,2.0,0.0
2005-03-31,2.0,0.0
2005-04-04,2.0,0.0
2005-04-07,2.0,0.0
2005-04-11,4.0,0.0
2005-04-14,0.0,0.0
2005-04-18,0.0,0.0
2005-04-21,4.0,4.0
2005-04-25,2.0,0.0
2005-04-28,1.0,0.0
2005-05-02,1.0,0.0
2005-05-05,3.0,4.0
2005-05-09,1.0,4.0
2005-05-12,1.0,4.0
2005-05-16,0.0,4.0
2005-05-19,0.0,4.0
2005-05-23,1.0,4.0
2005-05-26,1.0,4.0
2005-05-30,4.0,0.0
2005-06-02,4.0,0.0
2005-06-06,0.0,4.0
2005-06-09,0.0,4.0
2005-06-13,0.0,4.0
2005-06-16,4.0,4.0
2005-06-20,3.0,4.0
2005-06-23,4.0,4.0
2005-06-27,4.0,4.0
2005-06-30,4.0,4.0
2005-07-04,4.0,4.0
2005-07-07,3.0,4.0
2005-07-11,3.0,4.0
2005-07-14,3.0,4.0
2005-07-18,1.0,4.0
2005-07-21,1.0,4.0
2005-07-25,1.0,4.0
2005-07-28,1.0,4.0
2005-08-01,1.0,4.0
2005-08-04,1.0,4.0
2005-08-08,0.0,4.0
2005-08-11,0.0,4.0
2005-08-15,0.0,4.0
2005-08-18,0.0,4.0
2005-08-22,2.0,4.0
2005-08-25,2.0,4.0
2005-08-29,2.0,4.0
2005-09-01,2.0,4.0
2005-09-05,2.0,4.0
2005-09-08,4.0,4.0
2005-09-12,1.0,4.0
2005-09-15,1.0,4.0
2005-09-19,4.0,4.0
2005-09-22,3.0,4.0
2005-09-26,1.0,4.0
2005-09-29,1.0,4.0
2005-10-03,0.0,4.0
2005-10-06,4.0,4.0
2005-10-10,3.0,4.0
2005-10-13,2.0,4.0
2005-10-17,2.0,4.0
2005-10-20,4.0,4.0
2005-10-24,0.0,4.0
2005-10-27,0.0,4.0
2005-10-31,0.0,4.0
2005-11-03,0.0,4.0
2005-11-07,0.0,4.0
2005-11-10,0.0,4.0
2005-11-14,0.0,4.0
2005-11-17,0.0,4.0
2005-11-21,0.0,4.0
2005-11-24,0.0,4.0
2005-11-28,1.0,4.0
2005-12-01,1.0,4.0
2005-12-05,4.0,4.0
2005-12-08,4.0,4.0
2005-12-12,0.0,4.0
2005-12-15,0.0,4.0
2005-12-19,2.0,4.0
2005-12-22,2.0,4.0
2005-12-26,1.0,4.0
2005-12-29,1.0,4.0
2006-01-02,1.0,4.0
2006-01-05,4.0,4.0
2006-01-09,4.0,4.0
2006-01-12,4.0,4.0
2006-01-16,4.0,4.0
2006-01-19,3.0,4.0
2006-01-23,2.0,4.0
2006-01-26,2.0,4.0
2006-01-30,2.0,4.0
2006-02-02,4.0,4.0
2006-02-06,1.0,4.0
2006-02-09,1.0,3.0
2006-02-13,4.0,4.0
2006-02-16,1.0,4.0
2006-02-20,1.0,3.0
2006-02-23,0.0,3.0
2006-02-27,0.0,4.0
2006-03-02,0.0,4.0
2006-03-06,0.0,4.0
2006-03-09,4.0,4.0
2006-03-13,1.0,4.0
2006-03-16,1.0,4.0
2006-03-20,4.0,4.0
2006-03-23,4.0,4.0
2006-03-27,4.0,4.0
2006-03-30,4.0,4.0
2006-04-03,3.0,4.0
2006-04-06,3.0,4.0
2006-04-10,3.0,4.0
2006-04-13,3.0,4.0
2006-04-17,4.0,4.0
2006-04-20,4.0,4.0
2006-04-24,0.0,1.0
2006-04-27,0.0,1.0
2006-05-01,0.0,1.0
2006-05-04,3.0,4.0
2006-05-08,3.0,4.0
2006-05-11,3.0,4.0
2006-05-15,3.0,4.0
2006-05-18,0.0,4.0
2006-05-22,0.0,4.0
2006-05-25,0.0,4.0
2006-05-29,4.0,4.0
2006-06-01,4.0,4.0
2006-06-05,1.0,4.0
2006-06-08,1.0,4.0
2006-06-12,0.0,4.0
2006-06-15,0.0,4.0
2006-06-19,4.0,4.0
2006-06-22,4.0,4.0
2006-06-26,4.0,4.0
2006-06-29,4.0,4.0
2006-07-03,2.0,4.0
2006-07-06,2.0,4.0
2006-07-10,2.0,4.0
2006-07-13,2.0,4.0
2006-07-17,0.0,4.0
2006-07-20,0.0,4.0
2006-07-24,0.0,4.0
2006-07-27,4.0,4.0
2006-07-31,2.0,4.0
2006-08-03,2.0,4.0
2006-08-07,1.0,4.0
2006-08-10,1.0,4.0
2006-08-14,1.0,4.0
2006-08-17,1.0,4.0
2006-08-21,2.0,4.0
2006-08-24,2.0,4.0
2006-08-28,2.0,4.0
2006-08-31,2.0,0.0
2006-09-04,2.0,0.0
2006-09-07,3.0,0.0
2006-09-11,3.0,0.0
2006-09-14,3.0,0.0
2006-09-18,0.0,1.0
2006-09-21,4.0,0.0
2006-09-25,4.0,0.0
2006-09-28,3.0,0.0
2006-10-02,3.0,0.0
2006-10-05,1.0,0.0
2006-10-09,1.0,0.0
2006-10-12,4.0,0.0
2006-10-16,0.0,0.0
2006-10-19,0.0,0.0
2006-10-23,0.0,0.0
2006-10-26,0.0,0.0
2006-10-30,0.0,0.0
2006-11-02,0.0,0.0
2006-11-06,0.0,0.0
2006-11-09,0.0,0.0
2006-11-13,1.0,0.0
2006-11-16,1.0,0.0
2006-11-20,1.0,0.0
2006-11-23,1.0,0.0
2006-11-27,1.0,0.0
2006-11-30,4.0,0.0
2006-12-04,2.0,0.0
2006-12-07,2.0,0.0
2006-12-11,2.0,0.0
2006-12-14,2.0,0.0
2006-12-18,2.0,0.0
2006-12-21,2.0,0.0
2006-12-25,2.0,0.0
2006-12-28,2.0,0.0
2007-01-01,2.0,0.0
2007-01-04,3.0,0.0
2007-01-08,3.0,0.0
2007-01-11,2.0,0.0
2007-01-15,2.0,0.0
2007-01-18,4.0,0.0
2007-01-22,3.0,0.0
2007-01-25,0.0,0.0
2007-01-29,0.0,0.0
2007-02-01,0.0,0.0
2007-02-05,3.0,0.0
2007-02-08,3.0,0.0
2007-02-12,2.0,0.0
2007-02-15,2.0,0.0
2007-02-19,4.0,0.0
2007-02-22,4.0,0.0
2007-02-26,0.0,0.0
2007-03-01,0.0,0.0
2007-03-05,0.0,0.0
2007-03-08,4.0,0.0
2007-03-12,4.0,1.0
2007-03-15,4.0,1.0
2007-03-19,4.0,1.0
2007-03-22,4.0,1.0
2007-03-26,0.0,1.0
2007-03-29,0.0,4.0
2007-04-02,0.0,4.0
2007-04-05,0.0,4.0
2007-04-09,2.0,4.0
2007-04-12,2.0,4.0
2007-04-16,4.0,4.0
2007-04-19,4.0,4.0
2007-04-23,4.0,4.0
2007-04-26,4.0,4.0
2007-04-30,4.0,4.0
2007-05-03,4.0,4.0
2007-05-07,4.0,4.0
2007-05-10,2.0,4.0
2007-05-14,2.0,4.0
2007-05-17,2.0,4.0
2007-05-21,2.0,4.0
2007-05-24,0.0,4.0
2007-05-28,0.0,4.0
2007-05-31,0.0,4.0
2007-06-04,0.0,4.0
2007-06-07,0.0,4.0
2007-06-11,4.0,4.0
2007-06-14,1.0,4.0
2007-06-18,3.0,4.0
2007-06-21,3.0,4.0
2007-06-25,0.0,4.0
2007-06-28,0.0,4.0
2007-07-02,4.0,4.0
2007-07-05,4.0,4.0
2007-07-09,0.0,4.0
2007-07-12,0.0,4.0
2007-07-16,1.0,4.0
2007-07-19,1.0,4.0
2007-07-23,1.0,4.0
2007-07-26,1.0,4.0
2007-07-30,1.0,4.0
2007-08-02,1.0,4.0
2007-08-06,1.0,4.0
2007-08-09,1.0,4.0
2007-08-13,1.0,4.0
2007-08-16,2.0,4.0
2007-08-20,2.0,4.0
2007-08-23,2.0,4.0
2007-08-27,0.0,4.0
2007-08-30,0.0,4.0
2007-09-03,0.0,4.0
2007-09-06,1.0,4.0
2007-09-10,1.0,4.0
2007-09-13,1.0,4.0
2007-09-17,0.0,3.0
2007-09-20,0.0,3.0
2007-09-24,0.0,3.0
2007-09-27,0.0,3.0
2007-10-01,0.0,3.0
2007-10-04,0.0,3.0
2007-10-08,4.0,3.0
2007-10-11,2.0,3.0
2007-10-15,4.0,3.0
2007-10-18,1.0,3.0
2007-10-22,1.0,4.0
2007-10-25,4.0,4.0
2007-10-29,0.0,4.0
2007-11-01,0.0,4.0
2007-11-05,1.0,4.0
2007-11-08,1.0,4.0
2007-11-12,0.0,4.0
2007-11-15,0.0,4.0
2007-11-19,0.0,4.0
2007-11-22,4.0,4.0
2007-11-26,1.0,3.0
2007-11-29,1.0,3.0
2007-12-03,1.0,3.0
2007-12-06,1.0,3.0
2007-12-10,1.0,3.0
2007-12-13,1.0,3.0
2007-12-17,1.0,4.0
2007-12-20,4.0,4.0
2007-12-24,4.0,4.0
2007-12-27,0.0,0.0
2007-12-31,0.0,0.0
2008-01-03,0.0,0.0
2008-01-07,4.0,0.0
2008-01-10,4.0,0.0
2008-01-14,0.0,0.0
2008-01-17,0.0,0.0
2008-01-21,4.0,0.0
2008-01-24,1.0,0.0
2008-01-28,4.0,0.0
2008-01-31,2.0,0.0
2008-02-04,4.0,0.0
2008-02-07,1.0,0.0
2008-02-11,1.0,1.0
2008-02-14,1.0,1.0
2008-02-18,1.0,1.0
2008-02-21,1.0,1.0
2008-02-25,1.0,1.0
2008-02-28,3.0,1.0
2008-03-03,2.0,1.0
2008-03-06,2.0,0.0
2008-03-10,2.0,4.0
2008-03-13,2.0,4.0
2008-03-17,2.0,4.0
2008-03-20,2.0,4.0
2008-03-24,2.0,4.0
2008-03-27,2.0,4.0
2008-03-31,2.0,4.0
2008-04-03,4.0,4.0
2008-04-07,1.0,4.0
2008-04-10,4.0,4.0
2008-04-14,1.0,4.0
2008-04-17,1.0,4.0
2008-04-21,1.0,4.0
2008-04-24,2.0,4.0
2008-04-28,2.0,4.0
2008-05-01,2.0,4.0
2008-05-05,2.0,4.0
2008-05-08,2.0,4.0
2008-05-12,0.0,4.0
2008-05-15,0.0,4.0
2008-05-19,4.0,4.0
2008-05-22,4.0,4.0
2008-05-26,1.0,4.0
2008-05-29,4.0,4.0
2008-06-02,2.0,4.0
2008-06-05,4.0,4.0
2008-06-09,4.0,4.0
2008-06-12,4.0,4.0
2008-06-16,2.0,4.0
2008-06-19,2.0,4.0
2008-06-23,2.0,4.0
2008-06-26,4.0,4.0
2008-06-30,0.0,4.0
2008-07-03,0.0,4.0
2008-07-07,0.0,4.0
2008-07-10,0.0,4.0
2008-07-14,0.0,4.0
2008-07-17,4.0,4.0
2008-07-21,1.0,4.0
2008-07-24,1.0,4.0
2008-07-28,0.0,4.0
2008-07-31,0.0,4.0
2008-08-04,3.0,4.0
2008-08-07,4.0,4.0
2008-08-11,0.0,4.0
2008-08-14,2.0,4.0
2008-08-18,2.0,4.0
2008-08-21,1.0,0.0
2008-08-25,4.0,4.0
2008-08-28,4.0,4.0
2008-09-01,1.0,0.0
2008-09-04,4.0,0.0
2008-09-08,4.0,0.0
2008-09-11,0.0,0.0
2008-09-15,0.0,0.0
2008-09-18,0.0,0.0
2008-09-22,0.0,4.0
2008-09-25,4.0,4.0
2008-09-29,4.0,4.0
2008-10-02,0.0,4.0
2008-10-06,0.0,4.0
2008-10-09,4.0,4.0
2008-10-13,4.0,4.0
2008-10-16,4.0,4.0
2008-10-20,4.0,4.0
2008-10-23,3.0,4.0
2008-10-27,3.0,4.0
2008-10-30,1.0,1.0
2008-11-03,1.0,1.0
2008-11-06,3.0,1.0
2008-11-10,2.0,1.0
2008-11-13,2.0,1.0
2008-11-17,4.0,1.0
2008-11-20,1.0,1.0
2008-11-24,4.0,1.0
2008-11-27,4.0,1.0
2008-12-01,2.0,1.0
2008-12-04,1.0,1.0
2008-12-08,1.0,1.0
2008-12-11,2.0,1.0
2008-12-15,1.0,1.0
2008-12-18,1.0,1.0
2008-12-22,1.0,1.0
2008-12-25,1.0,1.0
2008-12-29,1.0,1.0
2009-01-01,3.0,1.0
2009-01-05,3.0,1.0
2009-01-08,3.0,1.0
2009-01-12,1.0,1.0
2009-01-15,1.0,1.0
2009-01-19,1.0,1.0
2009-01-22,4.0,1.0
2009-01-26,4.0,1.0
2009-01-29,4.0,1.0
2009-02-02,1.0,1.0
2009-02-05,1.0,1.0
2009-02-09,1.0,1.0
2009-02-12,1.0,1.0
2009-02-16,4.0,1.0
2009-02-19,4.0,1.0
2009-02-23,2.0,1.0
2009-02-26,2.0,1.0
2009-03-02,1.0,1.0
2009-03-05,1.0,1.0
2009-03-09,4.0,1.0
2009-03-12,4.0,1.0
2009-03-16,3.0,1.0
2009-03-19,3.0,1.0
2009-03-23,3.0,1.0
2009-03-26,3.0,1.0
2009-03-30,3.0,1.0
2009-04-02,3.0,1.0
2009-04-06,4.0,1.0
2009-04-09,2.0,1.0
2009-04-13,2.0,1.0
2009-04-16,2.0,1.0
2009-04-20,4.0,1.0
2009-04-23,0.0,1.0
2009-04-27,0.0,1.0
2009-04-30,0.0,1.0
2009-05-04,0.0,4.0
2009-05-07,4.0,4.0
2009-05-11,2.0,4.0
2009-05-14,2.0,4.0
2009-05-18,2.0,4.0
2009-05-21,2.0,4.0
2009-05-25,2.0,4.0
2009-05-28,2.0,4.0
2009-06-01,4.0,4.0
2009-06-04,4.0,4.0
2009-06-08,4.0,4.0
2009-06-11,4.0,4.0
2009-06-15,4.0,4.0
2009-06-18,4.0,4.0
2009-06-22,4.0,4.0
2009-06-25,1.0,4.0
2009-06-29,1.0,4.0
2009-07-02,4.0,4.0
2009-07-06,4.0,4.0
2009-07-09,4.0,4.0
2009-07-13,4.0,4.0
2009-07-16,0.0,4.0
2009-07-20,0.0,4.0
2009-07-23,0.0,4.0
2009-07-27,0.0,4.0
2009-07-30,0.0,4.0
2009-08-03,0.0,4.0
2009-08-06,4.0,4.0
2009-08-10,2.0,4.0
2009-08-13,2.0,4.0
2009-08-17,4.0,4.0
2009-08-20,4.0,4.0
2009-08-24,0.0,4.0
2009-08-27,0.0,4.0
2009-08-31,0.0,1.0
2009-09-03,2.0,1.0
2009-09-07,4.0,1.0
2009-09-10,4.0,1.0
2009-09-14,0.0,1.0
2009-09-17,1.0,1.0
2009-09-21,1.0,1.0
2009-09-24,1.0,1.0
2009-09-28,0.0,1.0
2009-10-01,0.0,1.0
2009-10-05,0.0,1.0
2009-10-08,2.0,1.0
2009-10-12,2.0,1.0
2009-10-15,2.0,1.0
2009-10-19,4.0,1.0
2009-10-22,4.0,1.0
2009-10-26,2.0,1.0
2009-10-29,2.0,1.0
2009-11-02,2.0,1.0
2009-11-05,2.0,1.0
2009-11-09,2.0,1.0
2009-11-12,4.0,1.0
2009-11-16,2.0,1.0
2009-11-19,2.0,1.0
2009-11-23,4.0,1.0
2009-11-26,0.0,1.0
2009-11-30,0.0,1.0
2009-12-03,0.0,1.0
2009-12-07,0.0,1.0
2009-12-10,2.0,1.0
2009-12-14,2.0,1.0
2009-12-17,2.0,1.0
2009-12-21,2.0,1.0
2009-12-24,2.0,1.0
2009-12-28,2.0,0.0
2009-12-31,2.0,0.0
2010-01-04,2.0,0.0
2010-01-07,0.0,0.0
2010-01-11,0.0,0.0
2010-01-14,0.0,0.0
2010-01-18,0.0,0.0
2010-01-21,0.0,0.0
2010-01-25,2.0,0.0
2010-01-28,4.0,1.0
2010-02-01,0.0,1.0
2010-02-04,0.0,1.0
2010-02-08,0.0,1.0
2010-02-11,0.0,1.0
2010-02-15,4.0,0.0
2010-02-18,1.0,0.0
2010-02-22,4.0,0.0
2010-02-25,2.0,1.0
2010-03-01,2.0,1.0
2010-03-04,2.0,1.0
2010-03-08,2.0,1.0
2010-03-11,4.0,1.0
2010-03-15,3.0,0.0
2010-03-18,4.0,0.0
2010-03-22,4.0,0.0
2010-03-25,0.0,0.0
2010-03-29,0.0,0.0
2010-04-01,4.0,0.0
2010-04-05,4.0,0.0
2010-04-08,2.0,0.0
2010-04-12,0.0,1.0
2010-04-15,0.0,1.0
2010-04-19,0.0,1.0
2010-04-22,1.0,1.0
2010-04-26,1.0,1.0
2010-04-29,1.0,1.0
2010-05-03,0.0,1.0
2010-05-06,4.0,4.0
2010-05-10,4.0,4.0
2010-05-13,4.0,4.0
2010-05-17,4.0,4.0
2010-05-20,4.0,4.0
2010-05-24,3.0,4.0
2010-05-27,3.0,4.0
2010-05-31,1.0,4.0
2010-06-03,4.0,4.0
2010-06-07,4.0,4.0
2010-06-10,3.0,4.0
2010-06-14,1.0,4.0
2010-06-17,4.0,4.0
2010-06-21,2.0,4.0
2010-06-24,2.0,4.0
2010-06-28,4.0,4.0
2010-07-01,4.0,4.0
2010-07-05,4.0,4.0
2010-07-08,1.0,4.0
2010-07-12,4.0,4.0
2010-07-15,2.0,4.0
2010-07-19,2.0,4.0
2010-07-22,3.0,4.0
2010-07-26,3.0,4.0
2010-07-29,3.0,4.0
2010-08-02,0.0,4.0
2010-08-05,0.0,4.0
2010-08-09,0.0,4.0
2010-08-12,0.0,4.0
2010-08-16,0.0,4.0
2010-08-19,2.0,4.0
2010-08-23,2.0,4.0
2010-08-26,2.0,4.0
2010-08-30,2.0,0.0
2010-09-02,0.0,0.0
2010-09-06,4.0,0.0
2010-09-09,2.0,0.0
2010-09-13,0.0,0.0
2010-09-16,0.0,0.0
2010-09-20,0.0,1.0
2010-09-23,4.0,1.0
2010-09-27,3.0,1.0
2010-09-30,4.0,1.0
2010-10-04,4.0,1.0
2010-10-07,3.0,0.0
2010-10-11,4.0,0.0
2010-10-14,4.0,0.0
2010-10-18,3.0,1.0
2010-10-21,3.0,1.0
2010-10-25,4.0,1.0
2010-10-28,4.0,1.0
2010-11-01,4.0,1.0
2010-11-04,2.0,1.0
2010-11-08,1.0,1.0
2010-11-11,1.0,1.0
2010-11-15,2.0,1.0
2010-11-18,4.0,1.0
2010-11-22,4.0,1.0
2010-11-25,4.0,1.0
2010-11-29,1.0,1.0
2010-12-02,1.0,1.0
2010-12-06,4.0,1.0
2010-12-09,0.0,1.0
2010-12-13,4.0,1.0
2010-12-16,1.0,1.0
2010-12-20,1.0,1.0
2010-12-23,1.0,1.0
2010-12-27,1.0,1.0
2010-12-30,1.0,1.0
2011-01-03,1.0,1.0
2011-01-06,3.0,1.0
2011-01-10,3.0,1.0
2011-01-13,0.0,1.0
2011-01-17,0.0,1.0
2011-01-20,0.0,1.0
2011-01-24,0.0,1.0
2011-01-27,1.0,1.0
2011-01-31,2.0,1.0
2011-02-03,2.0,1.0
2011-02-07,2.0,1.0
2011-02-10,4.0,1.0
2011-02-14,4.0,1.0
2011-02-17,1.0,1.0
2011-02-21,4.0,1.0
2011-02-24,3.0,1.0
2011-02-28,4.0,1.0
2011-03-03,4.0,1.0
2011-03-07,1.0,1.0
2011-03-10,1.0,1.0
2011-03-14,1.0,1.0
2011-03-17,1.0,1.0
2011-03-21,4.0,1.0
2011-03-24,0.0,1.0
2011-03-28,0.0,1.0
2011-03-31,4.0,1.0
2011-04-04,4.0,1.0
2011-04-07,4.0,1.0
2011-04-11,1.0,1.0
2011-04-14,1.0,1.0
2011-04-18,1.0,1.0
2011-04-21,2.0,1.0
2011-04-25,2.0,1.0
2011-04-28,2.0,1.0
2011-05-02,2.0,1.0
2011-05-05,1.0,1.0
2011-05-09,1.0,4.0
2011-05-12,4.0,4.0
2011-05-16,4.0,4.0
2011-05-19,1.0,4.0
2011-05-23,1.0,4.0
2011-05-26,1.0,4.0
2011-05-30,1.0,4.0
2011-06-02,1.0,4.0
2011-06-06,1.0,4.0
2011-06-09,1.0,4.0
2011-06-13,1.0,4.0
2011-06-16,2.0,4.0
2011-06-20,3.0,4.0
2011-06-23,3.0,4.0
2011-06-27,4.0,4.0
2011-06-30,4.0,4.0
2011-07-04,0.0,4.0
2011-07-07,0.0,4.0
2011-07-11,1.0,4.0
2011-07-14,0.0,4.0
2011-07-18,0.0,4.0
2011-07-21,4.0,3.0
2011-07-25,4.0,1.0
2011-07-28,0.0,3.0
2011-08-01,0.0,3.0
2011-08-04,4.0,3.0
2011-08-08,4.0,3.0
2011-08-11,0.0,3.0
2011-08-15,0.0,1.0
2011-08-18,0.0,3.0
2011-08-22,4.0,3.0
2011-08-25,2.0,1.0
2011-08-29,4.0,3.0
2011-09-01,1.0,3.0
2011-09-05,2.0,3.0
2011-09-08,2.0,3.0
2011-09-12,1.0,1.0
2011-09-15,1.0,1.0
2011-09-19,1.0,3.0
2011-09-22,1.0,3.0
2011-09-26,1.0,3.0
2011-09-29,4.0,3.0
2011-10-03,0.0,3.0
2011-10-06,0.0,3.0
2011-10-10,1.0,3.0
2011-10-13,1.0,3.0
2011-10-17,1.0,3.0
2011-10-20,1.0,3.0
2011-10-24,1.0,3.0
2011-10-27,1.0,3.0
2011-10-31,1.0,3.0
2011-11-03,1.0,3.0
2011-11-07,0.0,1.0
2011-11-10,0.0,1.0
2011-11-14,0.0,1.0
2011-11-17,1.0,1.0
2011-11-21,1.0,1.0
2011-11-24,3.0,1.0
2011-11-28,4.0,3.0
2011-12-01,0.0,1.0
2011-12-05,0.0,1.0
2011-12-08,1.0,3.0
2011-12-12,0.0,3.0
2011-12-15,0.0,3.0
2011-12-19,0.0,3.0
2011-12-22,0.0,1.0
2011-12-26,0.0,1.0
2011-12-29,1.0,1.0
2012-01-02,1.0,1.0
2012-01-05,1.0,1.0
2012-01-09,1.0,1.0
2012-01-12,1.0,1.0
2012-01-16,1.0,1.0
2012-01-19,1.0,1.0
2012-01-23,0.0,1.0
2012-01-26,0.0,1.0
2012-01-30,1.0,1.0
2012-02-02,1.0,3.0
2012-02-06,0.0,1.0
2012-02-09,0.0,1.0
2012-02-13,2.0,1.0
2012-02-16,4.0,3.0
2012-02-20,0.0,3.0
2012-02-23,0.0,3.0
2012-02-27,0.0,3.0
2012-03-01,0.0,4.0
2012-03-05,0.0,4.0
2012-03-08,4.0,4.0
2012-03-12,4.0,1.0
2012-03-15,2.0,4.0
2012-03-19,0.0,1.0
2012-03-22,0.0,1.0
2012-03-26,0.0,4.0
2012-03-29,0.0,2.0
2012-04-02,0.0,2.0
2012-04-05,1.0,2.0
2012-04-09,4.0,2.0
2012-04-12,2.0,2.0
2012-04-16,2.0,1.0
2012-04-19,4.0,4.0
2012-04-23,4.0,4.0
2012-04-26,4.0,4.0
2012-04-30,4.0,4.0
2012-05-03,4.0,4.0
2012-05-07,4.0,4.0
2012-05-10,0.0,4.0
2012-05-14,0.0,4.0
2012-05-17,0.0,4.0
2012-05-21,2.0,4.0
2012-05-24,4.0,4.0
2012-05-28,3.0,4.0
2012-05-31,3.0,4.0
2012-06-04,1.0,4.0
2012-06-07,1.0,4.0
2012-06-11,4.0,4.0
2012-06-14,4.0,4.0
2012-06-18,3.0,4.0
2012-06-21,4.0,4.0
2012-06-25,4.0,4.0
2012-06-28,2.0,4.0
2012-07-02,4.0,4.0
2012-07-05,3.0,4.0
2012-07-09,4.0,4.0
2012-07-12,1.0,4.0
2012-07-16,1.0,4.0
2012-07-19,4.0,4.0
2012-07-23,1.0,0.0
2012-07-26,1.0,4.0
2012-07-30,4.0,4.0
2012-08-02,4.0,4.0
2012-08-06,0.0,4.0
2012-08-09,4.0,0.0
2012-08-13,4.0,0.0
2012-08-16,4.0,0.0
2012-08-20,3.0,4.0
2012-08-23,4.0,4.0
2012-08-27,4.0,1.0
2012-08-30,3.0,1.0
2012-09-03,4.0,1.0
2012-09-06,4.0,1.0
2012-09-10,4.0,1.0
2012-09-13,2.0,1.0
2012-09-17,3.0,1.0
2012-09-20,3.0,1.0
2012-09-24,1.0,1.0
2012-09-27,3.0,1.0
2012-10-01,3.0,1.0
2012-10-04,3.0,1.0
2012-10-08,3.0,1.0
2012-10-11,3.0,4.0
2012-10-15,4.0,4.0
2012-10-18,1.0,4.0
2012-10-22,1.0,4.0
2012-10-25,1.0,3.0
2012-10-29,2.0,3.0
2012-11-01,2.0,3.0
2012-11-05,2.0,3.0
2012-11-08,2.0,3.0
2012-11-12,2.0,3.0
2012-11-15,1.0,4.0
2012-11-19,1.0,2.0
2012-11-22,1.0,4.0
2012-11-26,1.0,2.0
2012-11-29,2.0,2.0
2012-12-03,2.0,2.0
2012-12-06,2.0,2.0
2012-12-10,4.0,2.0
2012-12-13,4.0,2.0
2012-12-17,1.0,2.0
2012-12-20,1.0,4.0
2012-12-24,1.0,4.0
2012-12-27,2.0,4.0
2012-12-31,1.0,4.0
2013-01-03,1.0,4.0
2013-01-07,2.0,4.0
2013-01-10,2.0,4.0
2013-01-14,2.0,1.0
2013-01-17,4.0,1.0
2013-01-21,4.0,1.0
2013-01-24,2.0,1.0
2013-01-28,2.0,1.0
2013-01-31,2.0,1.0
2013-02-04,2.0,1.0
2013-02-07,2.0,1.0
2013-02-11,2.0,1.0
2013-02-14,4.0,1.0
2013-02-18,2.0,1.0
2013-02-21,2.0,1.0
2013-02-25,3.0,1.0
2013-02-28,3.0,1.0
2013-03-04,4.0,2.0
2013-03-07,4.0,2.0
2013-03-11,1.0,2.0
2013-03-14,1.0,2.0
2013-03-18,4.0,2.0
2013-03-21,0.0,2.0
2013-03-25,0.0,1.0
2013-03-28,4.0,1.0
2013-04-01,4.0,1.0
2013-04-04,0.0,1.0
2013-04-08,3.0,1.0
2013-04-11,3.0,1.0
2013-04-15,3.0,1.0
2013-04-18,3.0,1.0
2013-04-22,3.0,1.0
2013-04-25,3.0,1.0
2013-04-29,0.0,2.0
2013-05-02,0.0,4.0
2013-05-06,0.0,4.0
2013-05-09,4.0,4.0
2013-05-13,4.0,4.0
2013-05-16,1.0,4.0
2013-05-20,4.0,4.0
2013-05-23,4.0,4.0
2013-05-27,4.0,4.0
2013-05-30,3.0,4.0
2013-06-03,3.0,4.0
2013-06-06,4.0,4.0
2013-06-10,2.0,4.0
2013-06-13,2.0,4.0
2013-06-17,2.0,4.0
2013-06-20,2.0,4.0
2013-06-24,4.0,4.0
2013-06-27,4.0,4.0
2013-07-01,3.0,4.0
2013-07-04,3.0,4.0
2013-07-08,0.0,4.0
2013-07-11,1.0,4.0
2013-07-15,0.0,4.0
2013-07-18,0.0,4.0
2013-07-22,0.0,4.0
2013-07-25,0.0,4.0
2013-07-29,0.0,4.0
2013-08-01,4.0,4.0
2013-08-05,4.0,4.0
2013-08-08,4.0,4.0
2013-08-12,4.0,4.0
2013-08-15,1.0,4.0
2013-08-19,1.0,4.0
2013-08-22,1.0,4.0
2013-08-26,2.0,4.0
2013-08-29,2.0,4.0
2013-09-02,2.0,4.0
2013-09-05,2.0,4.0
2013-09-09,1.0,4.0
2013-09-12,1.0,4.0
2013-09-16,1.0,4.0
2013-09-19,1.0,4.0
2013-09-23,3.0,1.0
2013-09-26,3.0,1.0
2013-09-30,4.0,1.0
2013-10-03,2.0,1.0
2013-10-07,3.0,1.0
2013-10-10,3.0,1.0
2013-10-14,3.0,1.0
2013-10-17,3.0,2.0
2013-10-21,4.0,2.0
2013-10-24,4.0,1.0
2013-10-28,1.0,2.0
2013-10-31,1.0,2.0
2013-11-04,1.0,2.0
2013-11-07,4.0,2.0
2013-11-11,2.0,2.0
2013-11-14,2.0,2.0
2013-11-18,1.0,2.0
2013-11-21,1.0,4.0
2013-11-25,4.0,4.0
2013-11-28,4.0,4.0
2013-12-02,2.0,4.0
2013-12-05,2.0,4.0
2013-12-09,3.0,4.0
2013-12-12,3.0,4.0
2013-12-16,3.0,4.0
2013-12-19,3.0,4.0
2013-12-23,4.0,4.0
2013-12-26,0.0,4.0
2013-12-30,4.0,4.0
2014-01-02,2.0,4.0
2014-01-06,2.0,4.0
2014-01-09,3.0,4.0
2014-01-13,3.0,4.0
2014-01-16,0.0,4.0
2014-01-20,0.0,4.0
2014-01-23,4.0,4.0
2014-01-27,4.0,1.0
2014-01-30,4.0,1.0
2014-02-03,4.0,1.0
2014-02-06,1.0,1.0
2014-02-10,1.0,4.0
2014-02-13,1.0,4.0
2014-02-17,1.0,4.0
2014-02-20,1.0,4.0
2014-02-24,0.0,4.0
2014-02-27,0.0,1.0
2014-03-03,0.0,4.0
2014-03-06,2.0,4.0
2014-03-10,2.0,4.0
2014-03-13,4.0,4.0
2014-03-17,3.0,4.0
2014-03-20,3.0,4.0
2014-03-24,3.0,4.0
2014-03-27,3.0,4.0
2014-03-31,3.0,4.0
2014-04-03,3.0,4.0
2014-04-07,1.0,0.0
2014-04-10,1.0,0.0
2014-04-14,4.0,0.0
2014-04-17,1.0,0.0
2014-04-21,1.0,0.0
2014-04-24,1.0,0.0
2014-04-28,2.0,0.0
2014-05-01,2.0,0.0
2014-05-05,0.0,0.0
2014-05-08,0.0,0.0
2014-05-12,0.0,0.0
2014-05-15,0.0,0.0
2014-05-19,0.0,0.0
2014-05-22,2.0,0.0
2014-05-26,4.0,0.0
2014-05-29,1.0,4.0
2014-06-02,3.0,4.0
2014-06-05,4.0,4.0
2014-06-09,4.0,4.0
2014-06-12,4.0,4.0
2014-06-16,2.0,4.0
2014-06-19,4.0,4.0
2014-06-23,4.0,4.0
2014-06-26,2.0,4.0
2014-06-30,2.0,4.0
2014-07-03,2.0,4.0
2014-07-07,1.0,4.0
2014-07-10,1.0,4.0
2014-07-14,3.0,4.0
2014-07-17,4.0,4.0
2014-07-21,1.0,0.0
2014-07-24,1.0,0.0
2014-07-28,0.0,4.0
2014-07-31,0.0,4.0
2014-08-04,0.0,4.0
2014-08-07,0.0,4.0
2014-08-11,4.0,4.0
2014-08-14,4.0,0.0
2014-08-18,0.0,4.0
2014-08-21,0.0,4.0
2014-08-25,0.0,4.0
2014-08-28,0.0,4.0
2014-09-01,0.0,4.0
2014-09-04,4.0,4.0
2014-09-08,4.0,4.0
2014-09-11,4.0,4.0
2014-09-15,2.0,4.0
2014-09-18,2.0,4.0
2014-09-22,4.0,4.0
2014-09-25,2.0,4.0
2014-09-29,2.0,4.0
2014-10-02,4.0,4.0
2014-10-06,3.0,4.0
2014-10-09,1.0,4.0
2014-10-13,0.0,4.0
2014-10-16,0.0,4.0
2014-10-20,0.0,4.0
2014-10-23,0.0,2.0
2014-10-27,0.0,2.0
2014-10-30,0.0,2.0
2014-11-03,1.0,4.0
2014-11-06,1.0,2.0
2014-11-10,4.0,2.0
2014-11-13,3.0,2.0
2014-11-17,3.0,4.0
2014-11-20,3.0,2.0
2014-11-24,0.0,2.0
2014-11-27,0.0,2.0
2014-12-01,0.0,2.0
2014-12-04,0.0,2.0
2014-12-08,3.0,2.0
2014-12-11,3.0,2.0
2014-12-15,3.0,2.0
2014-12-18,0.0,2.0
2014-12-22,4.0,4.0
2014-12-25,2.0,4.0
2014-12-29,2.0,4.0
2015-01-01,4.0,4.0
2015-01-05,1.0,2.0
2015-01-08,1.0,2.0
2015-01-12,1.0,0.0
2015-01-15,1.0,0.0
2015-01-19,4.0,0.0
2015-01-22,0.0,0.0
2015-01-26,0.0,0.0
2015-01-29,0.0,0.0
2015-02-02,0.0,0.0
2015-02-05,0.0,0.0
2015-02-09,4.0,0.0
2015-02-12,1.0,0.0
2015-02-16,1.0,0.0
2015-02-19,1.0,0.0
2015-02-23,1.0,0.0
2015-02-26,1.0,0.0
2015-03-02,2.0,0.0
2015-03-05,2.0,0.0
2015-03-09,2.0,0.0
2015-03-12,4.0,2.0
2015-03-16,4.0,0.0
2015-03-19,1.0,0.0
2015-03-23,1.0,2.0
2015-03-26,0.0,2.0
2015-03-30,0.0,2.0
2015-04-02,1.0,2.0
2015-04-06,1.0,2.0
2015-04-09,3.0,2.0
2015-04-13,4.0,2.0
2015-04-16,1.0,2.0
2015-04-20,1.0,0.0
2015-04-23,3.0,0.0
2015-04-27,3.0,0.0
2015-04-30,3.0,0.0
2015-05-04,4.0,0.0
2015-05-07,2.0,0.0
2015-05-11,2.0,0.0
2015-05-14,4.0,0.0
2015-05-18,4.0,4.0
2015-05-21,0.0,4.0
2015-05-25,4.0,4.0
2015-05-28,2.0,4.0
2015-06-01,2.0,4.0
2015-06-04,4.0,4.0
2015-06-08,3.0,4.0
2015-06-11,3.0,4.0
2015-06-15,4.0,4.0
2015-06-18,4.0,4.0
2015-06-22,4.0,4.0
2015-06-25,1.0,4.0
2015-06-29,1.0,4.0
2015-07-02,3.0,4.0
2015-07-06,3.0,4.0
2015-07-09,3.0,4.0
2015-07-13,4.0,4.0
2015-07-16,4.0,4.0
2015-07-20,4.0,4.0
2015-07-23,1.0,4.0
2015-07-27,1.0,4.0
2015-07-30,3.0,4.0
2015-08-03,3.0,4.0
2015-08-06,1.0,4.0
2015-08-10,4.0,4.0
2015-08-13,4.0,4.0
2015-08-17,4.0,2.0
2015-08-20,0.0,2.0
2015-08-24,0.0,2.0
2015-08-27,0.0,2.0
2015-08-31,0.0,2.0
2015-09-03,0.0,2.0
2015-09-07,4.0,2.0
2015-09-10,1.0,2.0
2015-09-14,1.0,2.0
2015-09-17,1.0,2.0
2015-09-21,1.0,2.0
2015-09-24,1.0,2.0
2015-09-28,1.0,2.0
2015-10-01,1.0,2.0
2015-10-05,0.0,2.0
2015-10-08,0.0,2.0
2015-10-12,0.0,2.0
2015-10-15,0.0,2.0
2015-10-19,0.0,2.0
2015-10-22,1.0,2.0
2015-10-26,1.0,0.0
2015-10-29,1.0,0.0
2015-11-02,1.0,2.0
2015-11-05,1.0,2.0
2015-11-09,0.0,0.0
2015-11-12,0.0,2.0
2015-11-16,0.0,2.0
2015-11-19,2.0,0.0
2015-11-23,2.0,0.0
2015-11-26,2.0,0.0
2015-11-30,2.0,0.0
2015-12-03,0.0,0.0
2015-12-07,0.0,0.0
2015-12-10,0.0,0.0
2015-12-14,0.0,0.0
2015-12-17,0.0,0.0
2015-12-21,2.0,0.0
2015-12-24,2.0,2.0
2015-12-28,0.0,0.0
2015-12-31,0.0,0.0
2016-01-04,0.0,0.0
2016-01-07,0.0,2.0
2016-01-11,0.0,0.0
2016-01-14,0.0,2.0
2016-01-18,0.0,2.0
2016-01-21,0.0,2.0
2016-01-25,2.0,2.0
2016-01-28,2.0,0.0
2016-02-01,4.0,2.0
2016-02-04,1.0,2.0
2016-02-08,4.0,2.0
2016-02-11,4.0,2.0
2016-02-15,4.0,2.0
2016-02-18,0.0,2.0
2016-02-22,0.0,2.0
2016-02-25,0.0,2.0
2016-02-29,0.0,2.0
2016-03-03,4.0,2.0
2016-03-07,2.0,2.0
2016-03-10,2.0,2.0
2016-03-14,4.0,2.0
2016-03-17,4.0,2.0
2016-03-21,2.0,2.0
2016-03-24,2.0,2.0
2016-03-28,1.0,2.0
2016-03-31,1.0,2.0
2016-04-04,3.0,0.0
2016-04-07,3.0,0.0
2016-04-11,2.0,0.0
2016-04-14,2.0,0.0
2016-04-18,2.0,0.0
2016-04-21,2.0,0.0
2016-04-25,3.0,0.0
2016-04-28,1.0,0.0
2016-05-02,1.0,0.0
2016-05-05,3.0,0.0
2016-05-09,3.0,0.0
2016-05-12,4.0,0.0
2016-05-16,4.0,4.0
2016-05-19,4.0,4.0
2016-05-23,3.0,4.0
2016-05-26,3.0,4.0
2016-05-30,4.0,4.0
2016-06-02,4.0,4.0
2016-06-06,4.0,4.0
2016-06-09,4.0,4.0
2016-06-13,2.0,4.0
2016-06-16,2.0,4.0
2016-06-20,0.0,4.0
2016-06-23,4.0,4.0
2016-06-27,4.0,4.0
2016-06-30,4.0,4.0
2016-07-04,4.0,4.0
2016-07-07,4.0,4.0
2016-07-11,4.0,4.0
2016-07-14,4.0,4.0
2016-07-18,1.0,4.0
2016-07-21,1.0,4.0
2016-07-25,1.0,4.0
2016-07-28,1.0,4.0
2016-08-01,4.0,4.0
2016-08-04,2.0,4.0
2016-08-08,3.0,4.0
2016-08-11,3.0,4.0
2016-08-15,4.0,0.0
2016-08-18,0.0,0.0
2016-08-22,0.0,0.0
2016-08-25,0.0,4.0
2016-08-29,3.0,0.0
2016-09-01,3.0,0.0
2016-09-05,4.0,0.0
2016-09-08,0.0,0.0
2016-09-12,0.0,0.0
2016-09-15,0.0,0.0
2016-09-19,0.0,0.0
2016-09-22,0.0,0.0
2016-09-26,0.0,0.0
2016-09-29,0.0,0.0
2016-10-03,4.0,0.0
2016-10-06,4.0,0.0
2016-10-10,4.0,0.0
2016-10-13,2.0,0.0
2016-10-17,2.0,0.0
2016-10-20,3.0,0.0
2016-10-24,1.0,0.0
2016-10-27,1.0,0.0
2016-10-31,1.0,0.0
2016-11-03,1.0,0.0
2016-11-07,1.0,0.0
2016-11-10,1.0,0.0
2016-11-14,3.0,0.0
2016-11-17,3.0,0.0
2016-11-21,3.0,0.0
2016-11-24,0.0,0.0
2016-11-28,0.0,0.0
2016-12-01,0.0,0.0
2016-12-05,2.0,0.0
2016-12-08,2.0,0.0
2016-12-12,3.0,0.0
2016-12-15,3.0,0.0
2016-12-19,3.0,0.0
2016-12-22,0.0,0.0
2016-12-26,0.0,0.0
2016-12-29,0.0,0.0
2017-01-02,1.0,2.0
2017-01-05,1.0,2.0
2017-01-09,3.0,0.0
2017-01-12,3.0,0.0
2017-01-16,3.0,0.0
2017-01-19,3.0,0.0
2017-01-23,3.0,0.0
2017-01-26,3.0,0.0
2017-01-30,0.0,2.0
2017-02-02,0.0,2.0
2017-02-06,4.0,3.0
2017-02-09,4.0,3.0
2017-02-13,0.0,3.0
2017-02-16,0.0,3.0
2017-02-20,0.0,3.0
2017-02-23,0.0,3.0
2017-02-27,0.0,1.0
2017-03-02,0.0,0.0
2017-03-06,0.0,0.0
2017-03-09,1.0,0.0
2017-03-13,4.0,0.0
2017-03-16,2.0,0.0
2017-03-20,2.0,0.0
2017-03-23,4.0,0.0
2017-03-27,4.0,0.0
2017-03-30,2.0,0.0
2017-04-03,2.0,0.0
2017-04-06,2.0,0.0
2017-04-10,2.0,0.0
2017-04-13,2.0,0.0
2017-04-17,2.0,0.0
2017-04-20,4.0,0.0
2017-04-24,4.0,0.0
2017-04-27,0.0,0.0
2017-05-01,4.0,0.0
2017-05-04,4.0,0.0
2017-05-08,0.0,4.0
2017-05-11,0.0,0.0
2017-05-15,0.0,0.0
2017-05-18,0.0,4.0
2017-05-22,4.0,4.0
2017-05-25,4.0,4.0
2017-05-29,3.0,4.0
2017-06-01,3.0,4.0
2017-06-05,4.0,4.0
2017-06-08,2.0,0.0
2017-06-12,2.0,0.0
2017-06-15,2.0,0.0
2017-06-19,0.0,0.0
2017-06-22,2.0,0.0
2017-06-26,4.0,4.0
2017-06-29,4.0,4.0
2017-07-03,4.0,4.0
2017-07-06,2.0,4.0
2017-07-10,2.0,4.0
2017-07-13,2.0,4.0
2017-07-17,0.0,4.0
2017-07-20,0.0,4.0
2017-07-24,1.0,4.0
2017-07-27,4.0,4.0
2017-07-31,4.0,4.0
2017-08-03,4.0,4.0
2017-08-07,3.0,4.0
2017-08-10,3.0,4.0
2017-08-14,1.0,0.0
2017-08-17,1.0,0.0
2017-08-21,1.0,0.0
2017-08-24,1.0,0.0
2017-08-28,0.0,1.0
2017-08-31,0.0,1.0
2017-09-04,4.0,1.0
2017-09-07,4.0,1.0
2017-09-11,3.0,1.0
2017-09-14,3.0,1.0
2017-09-18,3.0,1.0
2017-09-21,3.0,1.0
2017-09-25,3.0,1.0
2017-09-28,3.0,0.0
2017-10-02,4.0,1.0
2017-10-05,0.0,0.0
2017-10-09,0.0,0.0
2017-10-12,4.0,0.0
2017-10-16,2.0,1.0
2017-10-19,2.0,1.0
2017-10-23,2.0,1.0
2017-10-26,1.0,1.0
2017-10-30,1.0,1.0
2017-11-02,4.0,1.0
2017-11-06,2.0,1.0
2017-11-09,2.0,1.0
2017-11-13,2.0,1.0
2017-11-16,2.0,1.0
2017-11-20,0.0,1.0
2017-11-23,0.0,1.0
2017-11-27,0.0,1.0
2017-11-30,3.0,1.0
2017-12-04,3.0,1.0
2017-12-07,3.0,1.0
2017-12-11,3.0,1.0
2017-12-14,3.0,1.0
2017-12-18,4.0,1.0
2017-12-21,1.0,1.0
2017-12-25,1.0,1.0
2017-12-28,1.0,1.0
2018-01-01,1.0,1.0
2018-01-04,1.0,1.0
2018-01-08,4.0,1.0
2018-01-11,4.0,1.0
2018-01-15,2.0,1.0
2018-01-18,2.0,1.0
2018-01-22,2.0,1.0
2018-01-25,2.0,1.0
2018-01-29,4.0,1.0
2018-02-01,1.0,1.0
2018-02-05,1.0,1.0
2018-02-08,3.0,1.0
2018-02-12,2.0,1.0
2018-02-15,4.0,1.0
2018-02-19,4.0,1.0
2018-02-22,2.0,1.0
2018-02-26,2.0,1.0
2018-03-01,2.0,1.0
2018-03-05,1.0,1.0
2018-03-08,1.0,1.0
2018-03-12,1.0,1.0
2018-03-15,1.0,2.0
2018-03-19,1.0,2.0
2018-03-22,1.0,2.0
2018-03-26,0.0,3.0
2018-03-29,0.0,3.0
2018-04-02,0.0,3.0
2018-04-05,1.0,3.0
2018-04-09,1.0,3.0
2018-04-12,4.0,3.0
2018-04-16,0.0,3.0
2018-04-19,4.0,1.0
2018-04-23,4.0,4.0
2018-04-26,4.0,2.0
2018-04-30,4.0,3.0
2018-05-03,0.0,3.0
2018-05-07,0.0,4.0
2018-05-10,3.0,4.0
2018-05-14,3.0,4.0
2018-05-17,1.0,3.0
2018-05-21,1.0,4.0
2018-05-24,4.0,4.0
2018-05-28,3.0,4.0
2018-05-31,3.0,4.0
2018-06-04,4.0,4.0
2018-06-07,4.0,4.0
2018-06-11,1.0,4.0
2018-06-14,1.0,4.0
2018-06-18,1.0,4.0
2018-06-21,1.0,0.0
2018-06-25,4.0,0.0
2018-06-28,4.0,4.0
2018-07-02,1.0,4.0
2018-07-05,1.0,0.0
2018-07-09,3.0,4.0
2018-07-12,3.0,4.0
2018-07-16,3.0,4.0
2018-07-19,3.0,4.0
2018-07-23,4.0,4.0
2018-07-26,4.0,4.0
2018-07-30,4.0,4.0
2018-08-02,1.0,4.0
2018-08-06,4.0,4.0
2018-08-09,4.0,4.0
2018-08-13,4.0,4.0
2018-08-16,4.0,4.0
2018-08-20,2.0,1.0
2018-08-23,2.0,1.0
2018-08-27,4.0,1.0
2018-08-30,0.0,1.0
2018-09-03,0.0,1.0
2018-09-06,0.0,1.0
2018-09-10,4.0,1.0
2018-09-13,4.0,1.0
2018-09-17,1.0,1.0
2018-09-20,2.0,1.0
2018-09-24,2.0,1.0
2018-09-27,4.0,1.0
2018-10-01,2.0,1.0
2018-10-04,2.0,1.0
2018-10-08,2.0,1.0
2018-10-11,2.0,1.0
2018-10-15,4.0,1.0
2018-10-18,2.0,1.0
2018-10-22,2.0,1.0
2018-10-25,0.0,1.0
2018-10-29,0.0,0.0
2018-11-01,4.0,0.0
2018-11-05,1.0,0.0
2018-11-08,1.0,0.0
2018-11-12,1.0,0.0
2018-11-15,0.0,0.0
2018-11-19,0.0,0.0
2018-11-22,0.0,0.0
2018-11-26,0.0,0.0
2018-11-29,0.0,0.0
2018-12-03,1.0,0.0
2018-12-06,1.0,0.0
2018-12-10,4.0,0.0
2018-12-13,1.0,0.0
2018-12-17,1.0,0.0
2018-12-20,1.0,0.0
2018-12-24,1.0,0.0
2018-12-27,1.0,0.0
2018-12-31,1.0,0.0
2019-01-03,1.0,0.0
2019-01-07,2.0,0.0
2019-01-10,2.0,0.0
2019-01-14,1.0,0.0
2019-01-17,1.0,0.0
2019-01-21,0.0,0.0
2019-01-24,0.0,0.0
2019-01-28,0.0,0.0
2019-01-31,0.0,0.0
2019-02-04,3.0,0.0
2019-02-07,3.0,0.0
2019-02-11,0.0,0.0
2019-02-14,0.0,0.0
2019-02-18,2.0,0.0
2019-02-21,2.0,0.0
2019-02-25,4.0,0.0
2019-02-28,1.0,0.0
2019-03-04,1.0,0.0
2019-03-07,3.0,0.0
2019-03-11,2.0,0.0
2019-03-14,2.0,0.0
2019-03-18,2.0,0.0
2019-03-21,2.0,0.0
2019-03-25,0.0,0.0
2019-03-28,2.0,0.0
2019-04-01,4.0,0.0
2019-04-04,4.0,0.0
2019-04-08,2.0,0.0
2019-04-11,2.0,0.0
2019-04-15,3.0,0.0
2019-04-18,3.0,0.0
2019-04-22,2.0,0.0
2019-04-25,2.0,0.0
2019-04-29,2.0,0.0
2019-05-02,2.0,0.0
2019-05-06,3.0,0.0
2019-05-09,3.0,0.0
2019-05-13,3.0,0.0
2019-05-16,3.0,0.0
2019-05-20,4.0,4.0
2019-05-23,1.0,4.0
2019-05-27,4.0,4.0
2019-05-30,2.0,4.0
2019-06-03,4.0,4.0
2019-06-06,4.0,4.0
2019-06-10,4.0,4.0
2019-06-13,3.0,4.0
2019-06-17,3.0,4.0
2019-06-20,3.0,4.0
2019-06-24,3.0,4.0
2019-06-27,3.0,4.0
2019-07-01,4.0,4.0
2019-07-04,4.0,4.0
2019-07-08,3.0,4.0
2019-07-11,4.0,4.0
2019-07-15,0.0,4.0
2019-07-18,0.0,4.0
2019-07-22,4.0,4.0
2019-07-25,4.0,4.0
2019-07-29,1.0,4.0
2019-08-01,1.0,4.0
2019-08-05,1.0,4.0
2019-08-08,4.0,4.0
2019-08-12,1.0,4.0
2019-08-15,1.0,4.0
2019-08-19,3.0,4.0
2019-08-22,4.0,4.0
2019-08-26,2.0,4.0
2019-08-29,4.0,1.0
2019-09-02,2.0,1.0
2019-09-05,2.0,1.0
2019-09-09,1.0,1.0
2019-09-12,3.0,1.0
2019-09-16,3.0,1.0
2019-09-19,4.0,1.0
2019-09-23,4.0,1.0
2019-09-26,4.0,1.0
2019-09-30,1.0,1.0
2019-10-03,1.0,1.0
2019-10-07,1.0,1.0
2019-10-10,1.0,1.0
2019-10-14,1.0,1.0
2019-10-17,0.0,0.0
2019-10-21,0.0,0.0
2019-10-24,2.0,1.0
2019-10-28,2.0,1.0
2019-10-31,4.0,1.0
2019-11-04,4.0,1.0
2019-11-07,4.0,1.0
2019-11-11,4.0,1.0
2019-11-14,1.0,0.0
2019-11-18,1.0,0.0
2019-11-21,1.0,0.0
2019-11-25,4.0,0.0
2019-11-28,0.0,0.0
2019-12-02,0.0,0.0
2019-12-05,0.0,0.0
2019-12-09,2.0,0.0
2019-12-12,1.0,0.0
2019-12-16,1.0,0.0
2019-12-19,1.0,0.0
2019-12-23,1.0,0.0
2019-12-26,1.0,0.0
2019-12-30,1.0,0.0
2020-01-02,4.0,0.0
2020-01-06,4.0,0.0
2020-01-09,1.0,0.0
2020-01-13,1.0,0.0
2020-01-16,1.0,0.0
2020-01-20,3.0,0.0
2020-01-23,3.0,0.0
2020-01-27,3.0,0.0
2020-01-30,3.0,0.0
2020-02-03,1.0,0.0
2020-02-06,1.0,0.0
2020-02-10,4.0,0.0
2020-02-13,4.0,0.0
2020-02-17,4.0,0.0
2020-02-20,4.0,0.0
2020-02-24,4.0,0.0
2020-02-27,4.0,0.0
2020-03-02,4.0,0.0
2020-03-05,4.0,0.0
2020-03-09,0.0,0.0
2020-03-12,0.0,0.0
2020-03-16,4.0,0.0
2020-03-19,4.0,0.0
2020-03-23,2.0,0.0
2020-03-26,4.0,0.0
2020-03-30,1.0,0.0
2020-04-02,0.0,0.0
2020-04-06,0.0,0.0
2020-04-09,0.0,0.0
2020-04-13,0.0,0.0
2020-04-16,0.0,0.0
2020-04-20,0.0,0.0
2020-04-23,0.0,0.0
2020-04-27,0.0,0.0
2020-04-30,4.0,0.0
2020-05-04,4.0,0.0
2020-05-07,4.0,0.0
2020-05-11,4.0,0.0
2020-05-14,3.0,0.0
2020-05-18,4.0,0.0
2020-05-21,4.0,0.0
2020-05-25,4.0,4.0
2020-05-28,1.0,4.0
2020-06-01,4.0,0.0
2020-06-04,4.0,0.0
2020-06-08,4.0,0.0
2020-06-11,2.0,0.0
2020-06-15,4.0,0.0
2020-06-18,1.0,4.0
2020-06-22,4.0,4.0
2020-06-25,2.0,4.0
2020-06-29,2.0,4.0
2020-07-02,2.0,4.0
2020-07-06,2.0,4.0
2020-07-09,2.0,4.0
2020-07-13,1.0,4.0
2020-07-16,1.0,4.0
2020-07-20,3.0,4.0
2020-07-23,3.0,4.0
2020-07-27,1.0,4.0
2020-07-30,0.0,4.0
2020-08-03,0.0,4.0
2020-08-06,0.0,4.0
2020-08-10,4.0,4.0
2020-08-13,4.0,4.0
2020-08-17,1.0,4.0
2020-08-20,0.0,4.0
2020-08-24,4.0,4.0
2020-08-27,4.0,4.0
2020-08-31,3.0,4.0
2020-09-03,3.0,4.0
2020-09-07,1.0,4.0
2020-09-10,4.0,4.0
2020-09-14,4.0,4.0
2020-09-17,1.0,1.0
2020-09-21,1.0,1.0
2020-09-24,4.0,0.0
2020-09-28,4.0,1.0
2020-10-01,1.0,1.0
2020-10-05,1.0,1.0
2020-10-08,0.0,1.0
2020-10-12,0.0,1.0
2020-10-15,4.0,1.0
2020-10-19,4.0,1.0
2020-10-22,4.0,1.0
2020-10-26,1.0,1.0
2020-10-29,1.0,1.0
2020-11-02,0.0,1.0
2020-11-05,0.0,1.0
